{"calibDataSource": "j:/calibration/171026_calib_rawData/full/output_norm", "cameras": [{"name": "01_01", "type": "vga", "resolution": [640, 480], "panel": 1, "node": 1, "K": [[746.578, 0, 373.858], [0, 746.699, 226.603], [0, 0, 1]], "distCoef": [-0.3347, 0.11822, -0.000878507, 0.00102998, -0.0286022], "R": [[0.9561060105, 0.02860000361, -0.2916219068], [-0.05180309582, 0.9960471559, -0.07215609847], [0.2884055062, 0.08409579702, 0.9538082412]], "t": [[-43.26245932], [143.5269132], [282.4604041]]}, {"name": "01_02", "type": "vga", "resolution": [640, 480], "panel": 1, "node": 2, "K": [[747.219, 0, 368.651], [0, 747.282, 227.287], [0, 0, 1]], "distCoef": [-0.35403, 0.215478, -0.000699627, 0.000230403, -0.168183], "R": [[0.9671284578, -0.01603362698, -0.2537823259], [0.004446440577, 0.9989238896, -0.04616591705], [0.2542494352, 0.04351994412, 0.9661590134]], "t": [[-58.12134553], [142.1700715], [278.4016272]]}, {"name": "01_03", "type": "vga", "resolution": [640, 480], "panel": 1, "node": 3, "K": [[747.901, 0, 379.453], [0, 747.909, 240.015], [0, 0, 1]], "distCoef": [-0.34584, 0.167769, -0.00110269, 0.00107147, -0.0946864], "R": [[0.9615001802, 0.05549391355, -0.2691427671], [-0.07168239141, 0.9961385947, -0.05069058089], [0.2652904791, 0.06803179984, 0.9617653747]], "t": [[-46.92348949], [117.9140654], [281.4304006]]}, {"name": "01_04", "type": "vga", "resolution": [640, 480], "panel": 1, "node": 4, "K": [[749.078, 0, 367.16], [0, 748.907, 235.501], [0, 0, 1]], "distCoef": [-0.344834, 0.166181, -0.0012514, -0.000623647, -0.0988337], "R": [[0.9611986865, 0.08577243107, -0.2621834759], [-0.1135102433, 0.9892192944, -0.09252357701], [0.2514209809, 0.1186940508, 0.960572336]], "t": [[-21.55127327], [95.74088975], [287.2744629]]}, {"name": "01_05", "type": "vga", "resolution": [640, 480], "panel": 1, "node": 5, "K": [[743.619, 0, 352.462], [0, 743.482, 211.137], [0, 0, 1]], "distCoef": [-0.320795, 0.0487666, -0.000465532, -0.000571503, 0.0593085], "R": [[0.9674635882, 0.0510162627, -0.2478135316], [-0.07491899919, 0.9932993379, -0.08799755073], [0.2416637107, 0.103700368, 0.9648030289]], "t": [[-18.84245717], [77.25826335], [285.1743971]]}, {"name": "01_06", "type": "vga", "resolution": [640, 480], "panel": 1, "node": 6, "K": [[744.665, 0, 371.987], [0, 744.734, 242.273], [0, 0, 1]], "distCoef": [-0.327799, 0.0616599, 0.00113188, -7.68697e-05, 0.0778891], "R": [[0.9634660057, 0.07457628347, -0.2572384767], [-0.09554413182, 0.9929621444, -0.06998213071], [0.2502090622, 0.09200303086, 0.9638105973]], "t": [[0.8879332106], [72.82391643], [284.2579073]]}, {"name": "01_07", "type": "vga", "resolution": [640, 480], "panel": 1, "node": 7, "K": [[749.826, 0, 380.395], [0, 749.743, 229.473], [0, 0, 1]], "distCoef": [-0.356969, 0.21935, -0.000733995, 0.00136464, -0.148252], "R": [[0.9619811515, -0.02999762083, -0.2714634539], [0.01631302576, 0.9984862101, -0.05252783467], [0.2726282254, 0.04610239657, 0.9610142662]], "t": [[3.250644224], [99.24717999], [280.1713565]]}, {"name": "01_08", "type": "vga", "resolution": [640, 480], "panel": 1, "node": 8, "K": [[746.742, 0, 361.685], [0, 746.855, 218.335], [0, 0, 1]], "distCoef": [-0.337354, 0.120625, -0.000702156, -0.00124631, -0.0299579], "R": [[0.9602542595, 0.06467235693, -0.2715312934], [-0.07986967689, 0.9957761797, -0.04528393307], [0.2674557754, 0.06517120629, 0.9613636784]], "t": [[34.10061069], [85.82080509], [282.5223093]]}, {"name": "01_09", "type": "vga", "resolution": [640, 480], "panel": 1, "node": 9, "K": [[746.966, 0, 338.078], [0, 746.868, 237.385], [0, 0, 1]], "distCoef": [-0.320226, 0.042674, 0.000493445, -0.000398834, 0.0874131], "R": [[0.9607232599, 0.072772138, -0.2677966278], [-0.0916142363, 0.9940727525, -0.0585337028], [0.2619497082, 0.0807686733, 0.9616957792]], "t": [[53.12694959], [94.32809172], [283.5487025]]}, {"name": "01_10", "type": "vga", "resolution": [640, 480], "panel": 1, "node": 10, "K": [[749.608, 0, 377.603], [0, 749.898, 228.802], [0, 0, 1]], "distCoef": [-0.366085, 0.286103, -0.00124191, 0.000878056, -0.273019], "R": [[0.9616298496, -0.001365777899, -0.2743468007], [-0.01074688007, 0.9990325706, -0.04264302423], [0.2741396304, 0.04395517714, 0.9606848627]], "t": [[38.33127885], [129.8111534], [279.7573006]]}, {"name": "01_11", "type": "vga", "resolution": [640, 480], "panel": 1, "node": 11, "K": [[748.121, 0, 363.986], [0, 747.758, 222.591], [0, 0, 1]], "distCoef": [-0.355494, 0.208149, 0.000436593, 0.00132058, -0.1387], "R": [[0.983769616, -0.01242945622, -0.179005171], [0.003173584952, 0.9986471871, -0.05190109865], [0.179408113, 0.05049063577, 0.9824782057]], "t": [[78.78589891], [143.5908715], [274.0239994]]}, {"name": "01_12", "type": "vga", "resolution": [640, 480], "panel": 1, "node": 12, "K": [[746.645, 0, 360.309], [0, 746.569, 227.168], [0, 0, 1]], "distCoef": [-0.346439, 0.193098, -0.000711632, -0.00190889, -0.17207], "R": [[0.9529124299, 0.08542298251, -0.2909653159], [-0.0979867208, 0.9947692355, -0.0288577667], [0.2869782284, 0.05600966176, 0.9562982873]], "t": [[61.7592639], [157.3703874], [281.5964069]]}, {"name": "01_13", "type": "vga", "resolution": [640, 480], "panel": 1, "node": 13, "K": [[745.375, 0, 340.627], [0, 745.407, 216.483], [0, 0, 1]], "distCoef": [-0.335035, 0.126755, -0.000205882, -0.00107761, -0.0655155], "R": [[0.9676545682, -0.06306202657, -0.2442699685], [0.03696045336, 0.9932435508, -0.1100053348], [0.2495567302, 0.09741883596, 0.9634474603]], "t": [[27.27771817], [155.1593628], [286.1987772]]}, {"name": "01_14", "type": "vga", "resolution": [640, 480], "panel": 1, "node": 14, "K": [[748.209, 0, 364.974], [0, 748.509, 235.829], [0, 0, 1]], "distCoef": [-0.365558, 0.290974, -0.00074757, 2.22143e-05, -0.310035], "R": [[0.9584438234, 0.006769555701, -0.2852010001], [-0.02585311318, 0.9976658981, -0.06320104688], [0.2841074689, 0.06794798675, 0.956381732]], "t": [[26.38987529], [182.1282781], [282.7041835]]}, {"name": "01_15", "type": "vga", "resolution": [640, 480], "panel": 1, "node": 15, "K": [[746.912, 0, 366.76], [0, 747.017, 218.054], [0, 0, 1]], "distCoef": [-0.341189, 0.136256, -0.0018377, -0.000876541, -0.0524895], "R": [[0.9545147387, 0.03539783813, -0.2960550738], [-0.06397283484, 0.9941175921, -0.08739387501], [0.2912200029, 0.1023582241, 0.9511643937]], "t": [[8.420834437], [173.6951283], [288.2087712]]}, {"name": "01_16", "type": "vga", "resolution": [640, 480], "panel": 1, "node": 16, "K": [[749.41, 0, 372.349], [0, 749.166, 229.714], [0, 0, 1]], "distCoef": [-0.375315, 0.336161, 0.000987456, 0.000276807, -0.360049], "R": [[0.9631281152, 0.05628495838, -0.2630897891], [-0.07253005367, 0.9959866174, -0.05244091242], [0.2590822745, 0.06958923366, 0.9633450647]], "t": [[3.824187039], [172.7430633], [281.7961272]]}, {"name": "01_17", "type": "vga", "resolution": [640, 480], "panel": 1, "node": 17, "K": [[749.999, 0, 371.008], [0, 750.381, 234.911], [0, 0, 1]], "distCoef": [-0.36651, 0.277978, -0.00116034, 0.00231903, -0.237443], "R": [[0.9598672389, 0.0246802667, -0.2793667269], [-0.04618553251, 0.9964307237, -0.0706591074], [0.2766257042, 0.08072606337, 0.9575810788]], "t": [[-27.11857648], [173.2711755], [283.3975782]]}, {"name": "01_18", "type": "vga", "resolution": [640, 480], "panel": 1, "node": 18, "K": [[744.998, 0, 363.604], [0, 745.184, 236.926], [0, 0, 1]], "distCoef": [-0.324973, 0.0605477, -0.00111872, -0.000906876, 0.0706204], "R": [[0.9460939981, 0.05992301928, -0.3183007673], [-0.07263776906, 0.9969591667, -0.02821656402], [0.315642046, 0.04981617949, 0.9475697584]], "t": [[-50.34875898], [175.4673153], [275.1576164]]}, {"name": "01_19", "type": "vga", "resolution": [640, 480], "panel": 1, "node": 19, "K": [[744.317, 0, 364.831], [0, 744.48, 220.452], [0, 0, 1]], "distCoef": [-0.32279, 0.0421922, -0.00107711, -0.00036907, 0.103876], "R": [[0.9628203296, 0.05265129181, -0.2649619866], [-0.06627790232, 0.9968851005, -0.04274735247], [0.2618859533, 0.05871914467, 0.9633108582]], "t": [[-12.08541496], [144.6130605], [280.3805725]]}, {"name": "01_20", "type": "vga", "resolution": [640, 480], "panel": 1, "node": 20, "K": [[746.05, 0, 343.933], [0, 746.125, 245.11], [0, 0, 1]], "distCoef": [-0.344224, 0.174364, 0.000965467, -0.00101991, -0.151163], "R": [[0.9667306472, 0.03451032021, -0.2534578732], [-0.04405503332, 0.9985139876, -0.03207757299], [0.2519742243, 0.04217646795, 0.9668144268]], "t": [[-7.6913059], [127.9930728], [278.7942315]]}, {"name": "01_21", "type": "vga", "resolution": [640, 480], "panel": 1, "node": 21, "K": [[743.389, 0, 365.494], [0, 743.273, 221.652], [0, 0, 1]], "distCoef": [-0.314581, -0.00525944, -0.00107591, 4.38253e-05, 0.190361], "R": [[0.959560764, 0.04018131406, -0.2786190986], [-0.04966271492, 0.9983996038, -0.02705264882], [0.2770861867, 0.03979564123, 0.9600205998]], "t": [[5.717116749], [122.060046], [278.7887526]]}, {"name": "01_22", "type": "vga", "resolution": [640, 480], "panel": 1, "node": 22, "K": [[745.89, 0, 362.837], [0, 746.086, 226.951], [0, 0, 1]], "distCoef": [-0.350215, 0.19938, -0.0011621, -0.000376295, -0.151222], "R": [[0.9570751391, -0.008076809477, -0.2897273601], [-0.003998467536, 0.9991486023, -0.04106193757], [0.2898123364, 0.04045782505, 0.9562279927]], "t": [[12.09205608], [135.5375842], [279.0431125]]}, {"name": "01_23", "type": "vga", "resolution": [640, 480], "panel": 1, "node": 23, "K": [[746.59, 0, 358.441], [0, 746.595, 223.678], [0, 0, 1]], "distCoef": [-0.335823, 0.111263, -0.000749813, 0.000718083, 0.00610163], "R": [[0.9494839681, 0.01238500845, -0.3135710539], [-0.03867395887, 0.9962220145, -0.07775617538], [0.3114233761, 0.08595527599, 0.9463758087]], "t": [[4.882579074], [143.5135763], [285.2197824]]}, {"name": "01_24", "type": "vga", "resolution": [640, 480], "panel": 1, "node": 24, "K": [[745.649, 0, 369.616], [0, 745.539, 244.605], [0, 0, 1]], "distCoef": [-0.33126, 0.086163, -0.000164863, -0.000270666, 0.0340288], "R": [[0.9573569739, 0.05383101427, -0.2838482808], [-0.07619014949, 0.9947498745, -0.06832092204], [0.2786802572, 0.08703395412, 0.9564321226]], "t": [[0.4336138709], [147.6259045], [284.5534064]]}, {"name": "02_01", "type": "vga", "resolution": [640, 480], "panel": 2, "node": 1, "K": [[747.925, 0, 375.078], [0, 748.143, 234.437], [0, 0, 1]], "distCoef": [-0.327454, 0.0679207, -3.75526e-06, -0.000275037, 0.0466735], "R": [[0.980904597, 0.04715235859, 0.1886871131], [-0.00277017765, 0.9734548104, -0.2288625312], [-0.194469786, 0.2239696121, 0.9549969189]], "t": [[5.596712202], [176.2697762], [300.9847613]]}, {"name": "02_02", "type": "vga", "resolution": [640, 480], "panel": 2, "node": 2, "K": [[749.329, 0, 367.687], [0, 749.534, 211.372], [0, 0, 1]], "distCoef": [-0.358109, 0.237028, 0.000668676, -0.000450464, -0.225256], "R": [[0.9847743177, -0.0570215352, 0.1642196326], [0.08851585563, 0.9775161927, -0.1913819124], [-0.1496144595, 0.2030040335, 0.9676801516]], "t": [[-43.88528142], [192.7827836], [295.744376]]}, {"name": "02_03", "type": "vga", "resolution": [640, 480], "panel": 2, "node": 3, "K": [[746.559, 0, 352.881], [0, 746.721, 252.411], [0, 0, 1]], "distCoef": [-0.333027, 0.0806069, -0.00112098, -0.00137686, 0.0434184], "R": [[0.9789228834, 0.1272658527, 0.1597291178], [-0.08140638655, 0.9604384598, -0.2663286789], [-0.1873045343, 0.247712268, 0.9505554396]], "t": [[-16.10748833], [169.7935771], [305.2559818]]}, {"name": "02_04", "type": "vga", "resolution": [640, 480], "panel": 2, "node": 4, "K": [[747.051, 0, 380.911], [0, 747.182, 225.135], [0, 0, 1]], "distCoef": [-0.337357, 0.125517, -0.000930998, 0.000619955, -0.0331115], "R": [[0.9826742843, 0.07442045433, 0.169743474], [-0.03097742465, 0.9689104508, -0.2454647378], [-0.1827338233, 0.2359536699, 0.9544287378]], "t": [[-25.53249795], [151.4741362], [303.1326725]]}, {"name": "02_05", "type": "vga", "resolution": [640, 480], "panel": 2, "node": 5, "K": [[745.007, 0, 378.715], [0, 744.884, 244.399], [0, 0, 1]], "distCoef": [-0.328917, 0.0619701, -6.29183e-05, -0.000970477, 0.0720441], "R": [[0.9886759913, 0.05661881425, 0.1389751565], [-0.02028701629, 0.9680201307, -0.250050922], [-0.1486883359, 0.2443999519, 0.9582068891]], "t": [[-55.41568463], [136.6070307], [302.4682046]]}, {"name": "02_06", "type": "vga", "resolution": [640, 480], "panel": 2, "node": 6, "K": [[744.899, 0, 351.951], [0, 745.159, 229.28], [0, 0, 1]], "distCoef": [-0.313314, -0.00712986, -0.000471451, -7.08356e-06, 0.17436], "R": [[0.9845127118, 0.06234230539, 0.163854073], [-0.01517313474, 0.9614296428, -0.27463215], [-0.1746553643, 0.2678926628, 0.9474856331]], "t": [[-46.54465344], [107.2935995], [306.7252872]]}, {"name": "02_07", "type": "vga", "resolution": [640, 480], "panel": 2, "node": 7, "K": [[747.475, 0, 375.783], [0, 747.464, 217.682], [0, 0, 1]], "distCoef": [-0.337163, 0.13133, -0.000711542, 0.000357172, -0.044509], "R": [[0.9809413999, 0.09715656422, 0.1682693436], [-0.05542450932, 0.9699441999, -0.2369311565], [-0.186231291, 0.2230893346, 0.9568432761]], "t": [[-20.27933323], [111.4092881], [302.0784373]]}, {"name": "02_08", "type": "vga", "resolution": [640, 480], "panel": 2, "node": 8, "K": [[748.299, 0, 346.706], [0, 748.438, 231.424], [0, 0, 1]], "distCoef": [-0.348106, 0.173511, 0.000797489, -0.00173833, -0.0937768], "R": [[0.977846992, 0.04429100688, 0.2045814435], [0.002046319244, 0.9752882857, -0.2209266223], [-0.2093109478, 0.216451072, 0.9535920829]], "t": [[-16.20680172], [90.43259126], [302.7380187]]}, {"name": "02_09", "type": "vga", "resolution": [640, 480], "panel": 2, "node": 9, "K": [[747.483, 0, 344.046], [0, 747.618, 222.66], [0, 0, 1]], "distCoef": [-0.332884, 0.109169, 0.000263911, 0.000412515, -0.0252896], "R": [[0.9749475037, 0.02569843083, 0.2209455945], [0.01434100963, 0.9839750445, -0.1777285773], [-0.2219722967, 0.1764446156, 0.9589554719]], "t": [[5.439208153], [93.88389184], [298.5572217]]}, {"name": "02_10", "type": "vga", "resolution": [640, 480], "panel": 2, "node": 10, "K": [[745.162, 0, 345.13], [0, 745.263, 231.944], [0, 0, 1]], "distCoef": [-0.321534, 0.031849, 0.000335126, -7.2868e-05, 0.110823], "R": [[0.9869256572, 0.04786533713, 0.1539046999], [-0.01278384488, 0.9751237359, -0.2212922794], [-0.1606683555, 0.2164315345, 0.962986537]], "t": [[7.504533249], [95.1251799], [301.8967283]]}, {"name": "02_11", "type": "vga", "resolution": [640, 480], "panel": 2, "node": 11, "K": [[750.078, 0, 373.208], [0, 750.354, 220.438], [0, 0, 1]], "distCoef": [-0.346762, 0.162559, 0.000813893, 0.000572145, -0.0838721], "R": [[0.9803571529, -0.03984069241, 0.1931646241], [0.08056832615, 0.974838949, -0.2078407282], [-0.1800238806, 0.219321095, 0.9589002345]], "t": [[24.74958345], [87.94415258], [302.1718238]]}, {"name": "02_12", "type": "vga", "resolution": [640, 480], "panel": 2, "node": 12, "K": [[746.967, 0, 386.764], [0, 747.063, 224.727], [0, 0, 1]], "distCoef": [-0.339799, 0.12502, -0.00045766, -4.31826e-05, -0.0206306], "R": [[0.9809246256, -0.0525106738, 0.187161716], [0.09064839088, 0.9752927577, -0.201461922], [-0.1719585649, 0.2145848688, 0.9614486913]], "t": [[38.45472489], [102.3549166], [301.7699941]]}, {"name": "02_13", "type": "vga", "resolution": [640, 480], "panel": 2, "node": 13, "K": [[747.456, 0, 387.062], [0, 747.341, 242.013], [0, 0, 1]], "distCoef": [-0.337392, 0.11095, 0.000580881, 0.000140867, -0.000256513], "R": [[0.9839782779, 0.07291742976, 0.162695412], [-0.03761947838, 0.9769099638, -0.2103133315], [-0.1742742766, 0.2008232332, 0.9640012995]], "t": [[46.56207606], [121.2354954], [299.0473197]]}, {"name": "02_14", "type": "vga", "resolution": [640, 480], "panel": 2, "node": 14, "K": [[746.417, 0, 358.134], [0, 746.282, 220.884], [0, 0, 1]], "distCoef": [-0.335098, 0.109666, 0.000683832, 0.000576885, 0.00100155], "R": [[0.9686361947, -0.0129769867, 0.2481441519], [0.06239160839, 0.9793447053, -0.1923310566], [-0.2405227838, 0.2017809355, 0.9494383838]], "t": [[71.6605983], [137.4370072], [294.9472564]]}, {"name": "02_15", "type": "vga", "resolution": [640, 480], "panel": 2, "node": 15, "K": [[748.482, 0, 374.915], [0, 748.253, 232.877], [0, 0, 1]], "distCoef": [-0.358593, 0.233194, 0.000777241, 0.00159712, -0.184145], "R": [[0.9779269813, -0.02950127335, 0.2068537987], [0.07533244516, 0.9731825899, -0.2173491876], [-0.1948944377, 0.2281344374, 0.9539239155]], "t": [[48.71421844], [148.4640335], [301.5437723]]}, {"name": "02_16", "type": "vga", "resolution": [640, 480], "panel": 2, "node": 16, "K": [[749.786, 0, 369.092], [0, 749.656, 213.54], [0, 0, 1]], "distCoef": [-0.35559, 0.215457, -0.00138406, 0.000322051, -0.178224], "R": [[0.98628555, 0.01286915156, 0.1645454307], [0.02629543112, 0.9719692517, -0.233632883], [-0.1629397561, 0.2347555296, 0.9583008281]], "t": [[29.14055639], [155.0755695], [303.7342747]]}, {"name": "02_17", "type": "vga", "resolution": [640, 480], "panel": 2, "node": 17, "K": [[744.179, 0, 372.012], [0, 744.66, 259.457], [0, 0, 1]], "distCoef": [-0.303874, -0.0710861, -0.000118126, -0.000527572, 0.26971], "R": [[0.9745674097, 0.05427763149, 0.2174219461], [-0.008098502518, 0.978120931, -0.2078794327], [-0.2239481596, 0.2008317281, 0.9536843497]], "t": [[46.66914572], [183.5604574], [295.5637758]]}, {"name": "02_18", "type": "vga", "resolution": [640, 480], "panel": 2, "node": 18, "K": [[747.221, 0, 379.363], [0, 747.869, 214.712], [0, 0, 1]], "distCoef": [-0.313481, 3.94432e-05, -0.00126077, -0.000965489, 0.136829], "R": [[0.9792242117, 0.01148255411, 0.2024551657], [0.01818702629, 0.9893987138, -0.1440812866], [-0.2019633017, 0.1447699417, 0.9686343421]], "t": [[16.03052697], [214.5227902], [284.3294364]]}, {"name": "02_19", "type": "vga", "resolution": [640, 480], "panel": 2, "node": 19, "K": [[746.025, 0, 379.324], [0, 746.049, 233.04], [0, 0, 1]], "distCoef": [-0.324614, 0.0669827, -9.51648e-05, 0.000192934, 0.0509254], "R": [[0.9841212094, 0.05625763175, 0.1683464405], [-0.01853784664, 0.9758323663, -0.2177327287], [-0.176527033, 0.2111546158, 0.9613802239]], "t": [[5.261258743], [159.9789536], [299.3227162]]}, {"name": "02_20", "type": "vga", "resolution": [640, 480], "panel": 2, "node": 20, "K": [[747.282, 0, 392.536], [0, 747.31, 227.727], [0, 0, 1]], "distCoef": [-0.334798, 0.127454, -0.000170965, 0.00131403, -0.0338069], "R": [[0.9858697924, 0.03032589165, 0.1647455393], [0.0110021296, 0.9696307842, -0.2443257978], [-0.1671517441, 0.2426859753, 0.9555960505]], "t": [[-18.30246295], [137.6919105], [304.0007698]]}, {"name": "02_21", "type": "vga", "resolution": [640, 480], "panel": 2, "node": 21, "K": [[748.487, 0, 358.524], [0, 748.392, 237.971], [0, 0, 1]], "distCoef": [-0.34666, 0.175459, 0.000448017, 0.000406598, -0.101222], "R": [[0.9815135036, 0.08963258329, 0.1691071919], [-0.0454614407, 0.9674559092, -0.2489223194], [-0.1859153026, 0.2366327612, 0.9536458654]], "t": [[-3.062611205], [118.7431786], [303.4310193]]}, {"name": "02_22", "type": "vga", "resolution": [640, 480], "panel": 2, "node": 22, "K": [[747.35, 0, 374.632], [0, 747.378, 247.329], [0, 0, 1]], "distCoef": [-0.334962, 0.121294, 0.000767671, -0.00103924, -0.0234281], "R": [[0.986929373, 0.07805544873, 0.1409885092], [-0.04224937846, 0.9695933284, -0.241047231], [-0.1555165676, 0.2319399157, 0.9602179298]], "t": [[5.438779012], [110.9013453], [303.0839644]]}, {"name": "02_23", "type": "vga", "resolution": [640, 480], "panel": 2, "node": 23, "K": [[745.782, 0, 375.452], [0, 745.765, 236.378], [0, 0, 1]], "distCoef": [-0.338927, 0.115588, 0.000492596, 0.000319332, -0.00662475], "R": [[0.9836902691, 0.006555903813, 0.1797511463], [0.0373273699, 0.9701396516, -0.2396575136], [-0.1759548861, 0.2424584016, 0.9540722203]], "t": [[20.50061967], [120.0640169], [304.269664]]}, {"name": "02_24", "type": "vga", "resolution": [640, 480], "panel": 2, "node": 24, "K": [[749.673, 0, 365.722], [0, 749.864, 235.989], [0, 0, 1]], "distCoef": [-0.360408, 0.26149, -0.00021992, -0.000839664, -0.275574], "R": [[0.98903109, -0.01947558329, 0.146417911], [0.05320332357, 0.9717043498, -0.2301305344], [-0.1377929946, 0.2353961728, 0.962081978]], "t": [[1.014623089], [142.360707], [303.6508253]]}, {"name": "03_01", "type": "vga", "resolution": [640, 480], "panel": 3, "node": 1, "K": [[747.11, 0, 365.169], [0, 747.237, 223.078], [0, 0, 1]], "distCoef": [-0.347241, 0.181566, -0.000727686, 0.000520777, -0.126716], "R": [[0.7767562919, 0.1460330887, -0.6126369234], [-0.3308910855, 0.922299452, -0.1996867806], [0.5358738214, 0.3578240598, 0.7647229496]], "t": [[-8.646765826], [105.5881594], [323.1107837]]}, {"name": "03_02", "type": "vga", "resolution": [640, 480], "panel": 3, "node": 2, "K": [[747.485, 0, 367.391], [0, 747.545, 218.754], [0, 0, 1]], "distCoef": [-0.327975, 0.0691184, -0.000361196, 0.00114976, 0.0520352], "R": [[0.7727603607, 0.1234716952, -0.622572217], [-0.3509567794, 0.900420593, -0.2570449276], [0.5288390719, 0.4171300712, 0.7391425707]], "t": [[-18.28096948], [63.76087753], [328.0357485]]}, {"name": "03_03", "type": "vga", "resolution": [640, 480], "panel": 3, "node": 3, "K": [[749.616, 0, 351.213], [0, 749.591, 214.033], [0, 0, 1]], "distCoef": [-0.34658, 0.174577, -0.000243914, -0.000219707, -0.142409], "R": [[0.7955434706, 0.06153304026, -0.6027638603], [-0.2729492275, 0.9245627512, -0.2658616903], [0.5409337349, 0.3760284618, 0.7523252557]], "t": [[-1.753195901], [71.11854242], [325.2847501]]}, {"name": "03_04", "type": "vga", "resolution": [640, 480], "panel": 3, "node": 4, "K": [[746.481, 0, 377.178], [0, 746.337, 213.503], [0, 0, 1]], "distCoef": [-0.35064, 0.158691, -0.000317464, 0.00153609, -0.0289498], "R": [[0.8299456111, -0.0360741702, -0.5566766897], [-0.2007090164, 0.9117686436, -0.3583208497], [0.5204864776, 0.4091168474, 0.7494779728]], "t": [[10.87006293], [74.25760732], [328.0538835]]}, {"name": "03_05", "type": "vga", "resolution": [640, 480], "panel": 3, "node": 5, "K": [[748.605, 0, 376.227], [0, 748.98, 251.785], [0, 0, 1]], "distCoef": [-0.357023, 0.201412, 0.0011827, -0.000117739, -0.110268], "R": [[0.8513855542, -0.05432177389, -0.5217200236], [-0.1852638466, 0.8993792312, -0.3959726072], [0.4907340881, 0.433781216, 0.7556546244]], "t": [[39.58569559], [61.54216782], [328.7846784]]}, {"name": "03_06", "type": "vga", "resolution": [640, 480], "panel": 3, "node": 6, "K": [[746.294, 0, 377.899], [0, 746.212, 240.385], [0, 0, 1]], "distCoef": [-0.326493, 0.057629, -0.00101882, -7.32283e-05, 0.0759915], "R": [[0.8682497071, -0.06496138028, -0.4918561427], [-0.1198137261, 0.9345919722, -0.3349365857], [0.4814427454, 0.3497397096, 0.8036759412]], "t": [[60.69011609], [109.1479931], [318.8504837]]}, {"name": "03_07", "type": "vga", "resolution": [640, 480], "panel": 3, "node": 7, "K": [[746.271, 0, 393.371], [0, 746.651, 230.061], [0, 0, 1]], "distCoef": [-0.335142, 0.113866, 0.000651151, 0.0008113, -0.013166], "R": [[0.8423019943, -0.03660447732, -0.5377615295], [-0.1575610219, 0.9373923863, -0.3105962628], [0.5154627772, 0.3463461077, 0.7838000376]], "t": [[47.84900092], [128.0142214], [320.150649]]}, {"name": "03_08", "type": "vga", "resolution": [640, 480], "panel": 3, "node": 8, "K": [[745.889, 0, 375.846], [0, 745.856, 234.176], [0, 0, 1]], "distCoef": [-0.331469, 0.0909668, -0.000323274, -0.001185, 0.00686805], "R": [[0.854028542, -0.08690839618, -0.5129153732], [-0.1314201121, 0.9179257841, -0.3743541225], [0.5033527625, 0.3871165013, 0.7725133079]], "t": [[56.16202129], [134.0888814], [324.784165]]}, {"name": "03_09", "type": "vga", "resolution": [640, 480], "panel": 3, "node": 9, "K": [[746.842, 0, 388.209], [0, 746.788, 218.762], [0, 0, 1]], "distCoef": [-0.335588, 0.122193, 0.000321825, 0.00122736, -0.0235198], "R": [[0.8534895489, -0.1625319668, -0.4951150873], [-0.07535962778, 0.9016327769, -0.4258864427], [0.5156321522, 0.4008013166, 0.7572858035]], "t": [[31.41159519], [151.5590357], [328.3018011]]}, {"name": "03_10", "type": "vga", "resolution": [640, 480], "panel": 3, "node": 10, "K": [[746.077, 0, 374.308], [0, 746.082, 231.021], [0, 0, 1]], "distCoef": [-0.331042, 0.0819136, 0.000376767, 0.000333203, 0.0428481], "R": [[0.8333632494, -0.1050188671, -0.5426571037], [-0.1673682317, 0.8877450818, -0.4288316041], [0.5267765842, 0.4481960589, 0.7222373039]], "t": [[13.16147405], [134.0565245], [337.1742785]]}, {"name": "03_11", "type": "vga", "resolution": [640, 480], "panel": 3, "node": 11, "K": [[747.538, 0, 370.519], [0, 747.611, 237.419], [0, 0, 1]], "distCoef": [-0.341491, 0.149023, 0.000841176, -0.00175381, -0.0749666], "R": [[0.838082428, -0.0637440548, -0.5418067361], [-0.1728860457, 0.910926914, -0.3745965463], [0.5174246409, 0.4076136072, 0.7524113823]], "t": [[18.11816052], [169.1835718], [330.5852741]]}, {"name": "03_12", "type": "vga", "resolution": [640, 480], "panel": 3, "node": 12, "K": [[746.132, 0, 372.416], [0, 745.975, 240.962], [0, 0, 1]], "distCoef": [-0.327263, 0.0901001, 0.00151138, 0.000168417, 0.0198959], "R": [[0.7784942739, 0.01491549235, -0.6274744565], [-0.282538235, 0.901027972, -0.3291211621], [0.5604630328, 0.4335044656, 0.7056593138]], "t": [[-3.421092237], [165.1629953], [335.799421]]}, {"name": "03_13", "type": "vga", "resolution": [640, 480], "panel": 3, "node": 13, "K": [[746.82, 0, 356.502], [0, 746.826, 222.698], [0, 0, 1]], "distCoef": [-0.321822, 0.0425723, -0.00103607, -0.00012757, 0.0583476], "R": [[0.7693922853, 0.003304376096, -0.6387680271], [-0.2637487102, 0.9124090458, -0.3129638175], [0.5817835759, 0.40926619, 0.7028720058]], "t": [[-22.65252066], [157.2348398], [329.4612787]]}, {"name": "03_14", "type": "vga", "resolution": [640, 480], "panel": 3, "node": 14, "K": [[745.321, 0, 368.259], [0, 745.593, 234.078], [0, 0, 1]], "distCoef": [-0.327679, 0.070658, 0.000447943, 0.000309785, 0.0594539], "R": [[0.751599636, 0.08716935781, -0.6538344517], [-0.313322048, 0.9194453444, -0.2375911465], [0.5804543749, 0.3834341687, 0.7183668679]], "t": [[-23.47225376], [177.5280959], [323.9948084]]}, {"name": "03_15", "type": "vga", "resolution": [640, 480], "panel": 3, "node": 15, "K": [[748.968, 0, 380.13], [0, 748.784, 236.166], [0, 0, 1]], "distCoef": [-0.349063, 0.191781, 0.000377153, 0.000602749, -0.12165], "R": [[0.8318093919, 0.09458655852, -0.5469428841], [-0.2730991888, 0.9275941463, -0.2549233863], [0.4832286919, 0.3614173249, 0.7974130351]], "t": [[-2.092177133], [164.0366741], [323.6409134]]}, {"name": "03_16", "type": "vga", "resolution": [640, 480], "panel": 3, "node": 16, "K": [[745.86, 0, 371.176], [0, 745.863, 217.036], [0, 0, 1]], "distCoef": [-0.328506, 0.0758617, -0.00116156, 0.0002597, 0.0405922], "R": [[0.7629240832, 0.08009927679, -0.6415067802], [-0.286313693, 0.9315378825, -0.224191085], [0.5796303239, 0.3547129533, 0.7336262048]], "t": [[-34.95980015], [149.5725321], [319.1419253]]}, {"name": "03_17", "type": "vga", "resolution": [640, 480], "panel": 3, "node": 17, "K": [[745.05, 0, 386.134], [0, 744.974, 244.103], [0, 0, 1]], "distCoef": [-0.312329, -0.0171146, -0.000914936, 5.90249e-05, 0.184318], "R": [[0.7882604798, 0.1397587633, -0.5992602974], [-0.3130022085, 0.9295320451, -0.1949353603], [0.5297877249, 0.3412296372, 0.7764581774]], "t": [[-22.14236775], [137.9976179], [320.3953293]]}, {"name": "03_18", "type": "vga", "resolution": [640, 480], "panel": 3, "node": 18, "K": [[748.715, 0, 390.042], [0, 748.487, 245.728], [0, 0, 1]], "distCoef": [-0.355552, 0.209292, -0.000408397, -0.000376825, -0.139216], "R": [[0.7678729916, 0.1428509321, -0.6244715206], [-0.3545218115, 0.9066927441, -0.2285225437], [0.5335591382, 0.396865064, 0.7468686411]], "t": [[-33.01850472], [99.76533184], [326.7060607]]}, {"name": "03_19", "type": "vga", "resolution": [640, 480], "panel": 3, "node": 19, "K": [[745.216, 0, 381.043], [0, 745.179, 232.597], [0, 0, 1]], "distCoef": [-0.329233, 0.0787196, 0.00019998, 0.000277034, 0.062964], "R": [[0.7981001509, 0.09640140771, -0.5947629088], [-0.2758806644, 0.9360315133, -0.2184831004], [0.5356547471, 0.3384549818, 0.7736421764]], "t": [[3.357203629], [125.0540338], [320.2577894]]}, {"name": "03_20", "type": "vga", "resolution": [640, 480], "panel": 3, "node": 20, "K": [[747.513, 0, 357.181], [0, 747.418, 215.838], [0, 0, 1]], "distCoef": [-0.342449, 0.146671, -6.16497e-05, -0.000598429, -0.0607283], "R": [[0.8586713139, 0.003072272036, -0.5125174493], [-0.1899221056, 0.9306990111, -0.3126162897], [0.476039041, 0.3657730333, 0.799748035]], "t": [[29.31496781], [110.4988626], [322.5518109]]}, {"name": "03_21", "type": "vga", "resolution": [640, 480], "panel": 3, "node": 21, "K": [[746.25, 0, 371.028], [0, 746.497, 251.393], [0, 0, 1]], "distCoef": [-0.317477, 0.00953275, -0.000914047, -7.08034e-05, 0.154199], "R": [[0.8418686732, -0.01539324341, -0.5394628673], [-0.163035144, 0.945636081, -0.2814106326], [0.514467374, 0.3248622022, 0.7935917531]], "t": [[31.20840801], [139.8913377], [317.0732132]]}, {"name": "03_22", "type": "vga", "resolution": [640, 480], "panel": 3, "node": 22, "K": [[751.885, 0, 364.179], [0, 751.84, 225.695], [0, 0, 1]], "distCoef": [-0.364651, 0.240039, -0.000249379, -0.00153579, -0.200128], "R": [[0.8111430911, -0.01367220204, -0.5846879138], [-0.269292378, 0.8787125183, -0.3941394744], [0.5191613437, 0.4771555103, 0.7090797685]], "t": [[12.84405703], [104.6946258], [339.1664243]]}, {"name": "03_23", "type": "vga", "resolution": [640, 480], "panel": 3, "node": 23, "K": [[745.597, 0, 366.046], [0, 745.406, 236.046], [0, 0, 1]], "distCoef": [-0.330086, 0.0705369, 0.000608567, -0.000833814, 0.0581499], "R": [[0.8123888051, 0.0258726086, -0.5825418761], [-0.2633081321, 0.9076417494, -0.3268872624], [0.5202819013, 0.4189475658, 0.7441704645]], "t": [[3.386892881], [132.6836816], [331.3496358]]}, {"name": "03_24", "type": "vga", "resolution": [640, 480], "panel": 3, "node": 24, "K": [[747.199, 0, 372.941], [0, 747.328, 225.076], [0, 0, 1]], "distCoef": [-0.336534, 0.122999, 4.95612e-06, 0.00101229, -0.0254529], "R": [[0.8456420224, 0.02962341049, -0.5329277845], [-0.2294107901, 0.9217005594, -0.3127918928], [0.4819338745, 0.3867693529, 0.7862246551]], "t": [[6.091268967], [128.0889569], [326.5509318]]}, {"name": "04_01", "type": "vga", "resolution": [640, 480], "panel": 4, "node": 1, "K": [[746.764, 0, 368.976], [0, 746.858, 246.515], [0, 0, 1]], "distCoef": [-0.337673, 0.118286, -0.000551647, 0.0008074, -0.00319363], "R": [[0.02534717168, -0.06099812127, -0.9978159901], [-0.08569657009, 0.9943298715, -0.06296192923], [0.9959988046, 0.08710531476, 0.01997612018]], "t": [[-57.18694849], [136.3528524], [287.777955]]}, {"name": "04_02", "type": "vga", "resolution": [640, 480], "panel": 4, "node": 2, "K": [[746.101, 0, 382.647], [0, 745.929, 224.649], [0, 0, 1]], "distCoef": [-0.330571, 0.0823394, -0.000851252, -0.00010843, 0.0389468], "R": [[0.08974077232, -0.01836402478, -0.9957958407], [-0.01067573548, 0.9997548212, -0.01939912808], [0.9959079387, 0.01237174572, 0.08952272031]], "t": [[-50.93348825], [148.9575318], [280.0450031]]}, {"name": "04_03", "type": "vga", "resolution": [640, 480], "panel": 4, "node": 3, "K": [[743.671, 0, 379.195], [0, 743.342, 259.909], [0, 0, 1]], "distCoef": [-0.32036, 0.0175605, 0.000292984, 0.00106157, 0.136927], "R": [[0.04833967068, 0.04144459018, -0.9979707522], [-0.08697465763, 0.9955183483, 0.03712986936], [0.995037027, 0.08500331884, 0.05172765815]], "t": [[-48.12238108], [110.5279417], [287.5866346]]}, {"name": "04_04", "type": "vga", "resolution": [640, 480], "panel": 4, "node": 4, "K": [[744.04, 0, 395.027], [0, 743.995, 225.188], [0, 0, 1]], "distCoef": [-0.316366, 0.00177896, -0.00114048, 0.000411002, 0.155615], "R": [[0.07286288448, 0.0567190268, -0.9957278504], [-0.03876700436, 0.9977881356, 0.05399959058], [0.9965882397, 0.03466681999, 0.07490054842]], "t": [[-19.54307425], [117.1359301], [282.8820998]]}, {"name": "04_05", "type": "vga", "resolution": [640, 480], "panel": 4, "node": 5, "K": [[747.418, 0, 368.898], [0, 747.63, 258.495], [0, 0, 1]], "distCoef": [-0.344903, 0.156024, 0.0006562, 0.000196777, -0.0571945], "R": [[0.110045994, 0.01138475199, -0.9938612914], [-0.04928525083, 0.9987668187, 0.005983800927], [0.9927038044, 0.04832420972, 0.1104713877]], "t": [[-10.64810228], [90.72499844], [285.2836708]]}, {"name": "04_06", "type": "vga", "resolution": [640, 480], "panel": 4, "node": 6, "K": [[746.374, 0, 364.037], [0, 746.583, 224.74], [0, 0, 1]], "distCoef": [-0.318221, 0.00763867, -0.000321063, 0.00135027, 0.163277], "R": [[0.07568169883, 0.09489128263, -0.9926066315], [-0.08613597132, 0.9923626447, 0.08830048558], [0.9934046884, 0.07881640559, 0.08327724361]], "t": [[8.394167324], [74.81486833], [287.1951077]]}, {"name": "04_07", "type": "vga", "resolution": [640, 480], "panel": 4, "node": 7, "K": [[745.635, 0, 376.294], [0, 745.64, 218.646], [0, 0, 1]], "distCoef": [-0.317142, 0.0126197, -0.00109495, -0.000257491, 0.127799], "R": [[0.0632400872, -0.05849692859, -0.9962824904], [-0.0404698147, 0.9973092782, -0.06112608103], [0.9971774594, 0.04418498647, 0.06070256586]], "t": [[5.782754723], [99.30480812], [284.4329689]]}, {"name": "04_08", "type": "vga", "resolution": [640, 480], "panel": 4, "node": 8, "K": [[745.87, 0, 366.455], [0, 745.861, 237.097], [0, 0, 1]], "distCoef": [-0.330428, 0.077515, 0.000316191, -0.000427036, 0.0530628], "R": [[0.08627932438, -0.02053719903, -0.9960592862], [-0.04747542984, 0.9985669389, -0.02470125656], [0.995139167, 0.04941955049, 0.08518066849]], "t": [[37.5946095], [92.3168913], [284.2699353]]}, {"name": "04_09", "type": "vga", "resolution": [640, 480], "panel": 4, "node": 9, "K": [[746.986, 0, 355.378], [0, 746.954, 217.92], [0, 0, 1]], "distCoef": [-0.345261, 0.169589, -0.00091756, -8.77551e-05, -0.0969188], "R": [[0.07540663627, 0.01281730134, -0.997070487], [-0.04428569727, 0.998973808, 0.009492521324], [0.9961689697, 0.04344016264, 0.07589687771]], "t": [[54.2374941], [107.2086368], [283.8433547]]}, {"name": "04_10", "type": "vga", "resolution": [640, 480], "panel": 4, "node": 10, "K": [[744.183, 0, 374.734], [0, 744.105, 210.495], [0, 0, 1]], "distCoef": [-0.320833, 0.0170994, -0.0016693, 3.09507e-05, 0.14147], "R": [[0.05481941438, -0.02047154139, -0.9982864057], [-0.05611191334, 0.9981467085, -0.023549979], [0.9969183943, 0.05730675634, 0.05356912067]], "t": [[39.34353295], [125.9576954], [286.1296767]]}, {"name": "04_11", "type": "vga", "resolution": [640, 480], "panel": 4, "node": 11, "K": [[743.447, 0, 379.902], [0, 743.451, 231.893], [0, 0, 1]], "distCoef": [-0.316592, 0.0191821, -6.29152e-05, -0.000151418, 0.118041], "R": [[0.08335177485, -0.01051114745, -0.9964647497], [-0.06020479567, 0.9980646995, -0.01556400444], [0.9946998865, 0.06128924404, 0.08255764263]], "t": [[64.21153781], [139.3674965], [285.0281274]]}, {"name": "04_12", "type": "vga", "resolution": [640, 480], "panel": 4, "node": 12, "K": [[748.599, 0, 379.244], [0, 748.609, 232.539], [0, 0, 1]], "distCoef": [-0.368385, 0.285499, 0.000798895, 0.000536756, -0.256822], "R": [[0.06949298184, 0.03720627885, -0.996888368], [-0.02867762561, 0.9989657571, 0.0352846978], [0.9971701556, 0.02613635253, 0.07048809696]], "t": [[65.5488445], [167.8168387], [279.8744048]]}, {"name": "04_13", "type": "vga", "resolution": [640, 480], "panel": 4, "node": 13, "K": [[746.758, 0, 372.266], [0, 746.685, 229.451], [0, 0, 1]], "distCoef": [-0.338447, 0.144745, 0.000401786, 0.000513447, -0.0673104], "R": [[0.01294647415, 0.03828838871, -0.9991828602], [-0.02671329565, 0.99892319, 0.03793231241], [0.9995592972, 0.02620037745, 0.01395534231]], "t": [[29.03386466], [171.4961624], [281.669474]]}, {"name": "04_14", "type": "vga", "resolution": [640, 480], "panel": 4, "node": 14, "K": [[745.983, 0, 367.096], [0, 746.137, 235.927], [0, 0, 1]], "distCoef": [-0.32525, 0.0690383, -7.35856e-05, 0.000376208, 0.0617882], "R": [[0.03273656429, 0.04733645853, -0.9983424147], [0.03486722099, 0.998215693, 0.0484737782], [0.9988556424, -0.03639629055, 0.03102766145]], "t": [[34.5241872], [209.0738387], [267.8855298]]}, {"name": "04_15", "type": "vga", "resolution": [640, 480], "panel": 4, "node": 15, "K": [[746.383, 0, 371.535], [0, 746.756, 213.965], [0, 0, 1]], "distCoef": [-0.358555, 0.231447, -0.00106544, 0.000754208, -0.172432], "R": [[0.04937700581, 0.04794588514, -0.9976287403], [-0.01480377976, 0.9987725316, 0.04726815182], [0.9986704959, 0.01243471635, 0.05002617742]], "t": [[18.68349295], [197.8840961], [277.0472331]]}, {"name": "04_16", "type": "vga", "resolution": [640, 480], "panel": 4, "node": 16, "K": [[743.192, 0, 362.398], [0, 743.129, 223.385], [0, 0, 1]], "distCoef": [-0.320766, 0.0267212, 0.000467575, 2.5929e-05, 0.132667], "R": [[0.0564893443, -0.03500686861, -0.997789293], [-0.03735764044, 0.9986111521, -0.0371506873], [0.9977040446, 0.03937367161, 0.05510311519]], "t": [[-12.91394038], [179.6829752], [281.9523821]]}, {"name": "04_17", "type": "vga", "resolution": [640, 480], "panel": 4, "node": 17, "K": [[746.352, 0, 351.112], [0, 746.21, 215.283], [0, 0, 1]], "distCoef": [-0.347198, 0.171899, -0.000350301, -6.96152e-05, -0.111981], "R": [[0.06303629554, 0.02186130945, -0.9977717718], [-0.04518132337, 0.9987975428, 0.01902936067], [0.9969880007, 0.04388110867, 0.06394821998]], "t": [[-20.54749922], [182.0966288], [283.0040128]]}, {"name": "04_18", "type": "vga", "resolution": [640, 480], "panel": 4, "node": 18, "K": [[748.484, 0, 397.687], [0, 748.368, 230.341], [0, 0, 1]], "distCoef": [-0.344382, 0.166185, 0.000318685, 0.00288126, -0.0679495], "R": [[0.02142813927, 0.06525662725, -0.9976384152], [-0.02330636365, 0.9976289639, 0.06475541483], [0.9994986985, 0.02186373565, 0.02289822707]], "t": [[-42.68450705], [181.578327], [277.1094955]]}, {"name": "04_19", "type": "vga", "resolution": [640, 480], "panel": 4, "node": 19, "K": [[744.754, 0, 370.589], [0, 744.73, 218.812], [0, 0, 1]], "distCoef": [-0.328369, 0.0808051, 0.000323722, 0.00199565, 0.0491015], "R": [[0.02072538036, 0.03745124088, -0.9990835116], [-0.08560629328, 0.9956946705, 0.03554835761], [0.996113458, 0.08479108288, 0.02384221268]], "t": [[-22.76178919], [135.7369925], [288.200792]]}, {"name": "04_20", "type": "vga", "resolution": [640, 480], "panel": 4, "node": 20, "K": [[746.854, 0, 358.516], [0, 746.976, 208.524], [0, 0, 1]], "distCoef": [-0.34127, 0.137316, -0.000349122, -0.000431895, -0.0467147], "R": [[0.07413123672, 0.06670654945, -0.9950149728], [-0.1179032347, 0.9913486926, 0.05767665769], [0.9902542032, 0.1130398419, 0.08135482257]], "t": [[0.03012672235], [105.9551585], [292.0605857]]}, {"name": "04_21", "type": "vga", "resolution": [640, 480], "panel": 4, "node": 21, "K": [[747.343, 0, 371.311], [0, 747.201, 227.21], [0, 0, 1]], "distCoef": [-0.342977, 0.145908, -0.000788874, 0.00163286, -0.0418059], "R": [[0.04678626256, 0.008826855551, -0.9988659231], [-0.09995192717, 0.9949837753, 0.004110862986], [0.9938916731, 0.09964624208, 0.04743383338]], "t": [[4.391129987], [103.7076613], [290.4454719]]}, {"name": "04_22", "type": "vga", "resolution": [640, 480], "panel": 4, "node": 22, "K": [[747.085, 0, 364.888], [0, 747.181, 222.485], [0, 0, 1]], "distCoef": [-0.32331, 0.0449866, 0.000107613, -0.000331832, 0.0841761], "R": [[0.06194402, -0.0789071561, -0.9949555764], [-0.08188439156, 0.9931075913, -0.08385856223], [0.9947149767, 0.08666586846, 0.05505581204]], "t": [[11.9128749], [122.3721345], [289.4139961]]}, {"name": "04_23", "type": "vga", "resolution": [640, 480], "panel": 4, "node": 23, "K": [[745.761, 0, 360.751], [0, 745.738, 235.032], [0, 0, 1]], "distCoef": [-0.325217, 0.0691308, -0.000184392, -0.000437689, 0.0363901], "R": [[0.09417278445, 0.03926861125, -0.994781113], [-0.02669676595, 0.9989620632, 0.03690635422], [0.9951978544, 0.0230818644, 0.09512338397]], "t": [[35.24408568], [159.2366068], [279.2098752]]}, {"name": "04_24", "type": "vga", "resolution": [640, 480], "panel": 4, "node": 24, "K": [[746.666, 0, 365.765], [0, 746.935, 217.196], [0, 0, 1]], "distCoef": [-0.325605, 0.0538796, -0.0014537, -9.38247e-05, 0.0967779], "R": [[0.0795723438, -0.0641769142, -0.9947610596], [-0.007323230427, 0.9978608215, -0.0649626906], [0.9968021932, 0.01245409801, 0.07893214202]]