{
 "cells": [
  {
   "cell_type": "code",
   "execution_count": 1,
   "id": "formed-george",
   "metadata": {},
   "outputs": [],
   "source": [
    "%load_ext autoreload\n",
    "%reload_ext autoreload\n",
    "%autoreload 2\n",
    "%matplotlib inline"
   ]
  },
  {
   "cell_type": "code",
   "execution_count": 2,
   "id": "annual-fireplace",
   "metadata": {},
   "outputs": [],
   "source": [
    "import torch\n",
    "\n",
    "from mvn.utils.minimon import MiniMon\n",
    "from mvn.utils.misc import flush_cache\n",
    "\n",
    "from mvn.ipynb import get_args, get_config, build_labels\n",
    "from train import setup_dataloaders, setup_experiment, build_env, do_train"
   ]
  },
  {
   "cell_type": "code",
   "execution_count": 3,
   "id": "latter-advance",
   "metadata": {},
   "outputs": [
    {
     "name": "stdout",
     "output_type": "stream",
     "text": [
      "|===========================================================================|\n",
      "|                  PyTorch CUDA memory summary, device ID 0                 |\n",
      "|---------------------------------------------------------------------------|\n",
      "|            CUDA OOMs: 0            |        cudaMalloc retries: 0         |\n",
      "|===========================================================================|\n",
      "|        Metric         | Cur Usage  | Peak Usage | Tot Alloc  | Tot Freed  |\n",
      "|---------------------------------------------------------------------------|\n",
      "| Allocated memory      |       0 B  |       0 B  |       0 B  |       0 B  |\n",
      "|       from large pool |       0 B  |       0 B  |       0 B  |       0 B  |\n",
      "|       from small pool |       0 B  |       0 B  |       0 B  |       0 B  |\n",
      "|---------------------------------------------------------------------------|\n",
      "| Active memory         |       0 B  |       0 B  |       0 B  |       0 B  |\n",
      "|       from large pool |       0 B  |       0 B  |       0 B  |       0 B  |\n",
      "|       from small pool |       0 B  |       0 B  |       0 B  |       0 B  |\n",
      "|---------------------------------------------------------------------------|\n",
      "| GPU reserved memory   |       0 B  |       0 B  |       0 B  |       0 B  |\n",
      "|       from large pool |       0 B  |       0 B  |       0 B  |       0 B  |\n",
      "|       from small pool |       0 B  |       0 B  |       0 B  |       0 B  |\n",
      "|---------------------------------------------------------------------------|\n",
      "| Non-releasable memory |       0 B  |       0 B  |       0 B  |       0 B  |\n",
      "|       from large pool |       0 B  |       0 B  |       0 B  |       0 B  |\n",
      "|       from small pool |       0 B  |       0 B  |       0 B  |       0 B  |\n",
      "|---------------------------------------------------------------------------|\n",
      "| Allocations           |       0    |       0    |       0    |       0    |\n",
      "|       from large pool |       0    |       0    |       0    |       0    |\n",
      "|       from small pool |       0    |       0    |       0    |       0    |\n",
      "|---------------------------------------------------------------------------|\n",
      "| Active allocs         |       0    |       0    |       0    |       0    |\n",
      "|       from large pool |       0    |       0    |       0    |       0    |\n",
      "|       from small pool |       0    |       0    |       0    |       0    |\n",
      "|---------------------------------------------------------------------------|\n",
      "| GPU reserved segments |       0    |       0    |       0    |       0    |\n",
      "|       from large pool |       0    |       0    |       0    |       0    |\n",
      "|       from small pool |       0    |       0    |       0    |       0    |\n",
      "|---------------------------------------------------------------------------|\n",
      "| Non-releasable allocs |       0    |       0    |       0    |       0    |\n",
      "|       from large pool |       0    |       0    |       0    |       0    |\n",
      "|       from small pool |       0    |       0    |       0    |       0    |\n",
      "|===========================================================================|\n",
      "\n",
      "using dev cuda:0\n",
      "# available GPUs: 1\n"
     ]
    }
   ],
   "source": [
    "flush_cache()\n",
    "\n",
    "is_distributed = False\n",
    "master = True\n",
    "device = torch.device(0)\n",
    "print('using dev {}'.format(device))\n",
    "    \n",
    "args = get_args()\n",
    "\n",
    "# just to get a feeling of the dataset\n",
    "# labels, mask, indices = build_labels(config.dataset.train.labels_path, 10000)\n",
    "# labels, mask, indices = build_labels(config.dataset.train.labels_path, 10, allowed_subjects=['S9', 'S11'])"
   ]
  },
  {
   "cell_type": "code",
   "execution_count": 20,
   "id": "dedicated-speech",
   "metadata": {
    "scrolled": true
   },
   "outputs": [
    {
     "name": "stdout",
     "output_type": "stream",
     "text": [
      "successfully loaded pretrained weights from /home/stefano/Scuola/tud/_classes/thesis/milestones/06.05_12.05_solving_the_MLP_problem/weights_cam2cam_model.pth\n",
      "cam2cam model:\n",
      "                roto_extractor has      25606 params (~ 50.2) %\n",
      "               trans_extractor has      25411 params (~ 49.8) %\n",
      "total params:                51017\n",
      "  training dataset length: 12\n",
      "  validation dataset length: 5\n",
      "Experiment name: human36m_alg_AlgebraicTriangulationNet@07.05.2021-11:12:24\n",
      "#[do_train]: cam2cam loss weights: geo: 0.0, trans: 0.0, proj: 1.0\n",
      "#[do_train]: epoch    0 has started!\n",
      "#[cam2cam]: I'm using GT data\n",
      "------------- R\n",
      "R GT 0 0\n",
      "[[-0.7000174   0.11276358 -0.70516676]\n",
      " [-0.17936999  0.9280348   0.32646272]\n",
      " [ 0.6912323   0.35501534 -0.62941396]]\n",
      "[[ 1.0000001e+00 -7.6752560e-09 -4.2079044e-08]\n",
      " [-7.6752560e-09  1.0000000e+00  5.6179726e-08]\n",
      " [-4.2079044e-08  5.6179726e-08  9.9999994e-01]]\n",
      "R PRED 0 0\n",
      "[[-0.42134055 -0.02296608  0.9066117 ]\n",
      " [ 0.8974549   0.1333616   0.42046332]\n",
      " [-0.13056357  0.99080133 -0.03557963]]\n",
      "[[ 1.00000000e+00  1.46894195e-08 -2.48679477e-09]\n",
      " [ 1.46894195e-08  1.00000012e+00 -8.03443179e-09]\n",
      " [-2.48679477e-09 -8.03443179e-09  1.00000000e+00]]\n",
      "det GT = 1.000000119 PRED = 1.000000119\n",
      "geo dist = 2.073166847\n",
      "L2 rot dist = 0.658446491\n",
      "------------- T\n",
      "T GT 0 0\n",
      "[ 3807.9258 -1935.9602  9078.926 ] -> [ 1.2693086  -0.64532006  3.0263085 ]\n",
      "T PRED 0 0\n",
      "[-5091.9126 -1635.0045   909.5458] -> [-1.6973042  -0.5450015   0.30318192]\n",
      "L2 T dist = 5.408757687\n",
      "================================================================================\n",
      "------------- R\n",
      "R GT 0 1\n",
      "[[ 0.6737656  -0.07486226  0.7351433 ]\n",
      " [ 0.102751    0.99468166  0.00711976]\n",
      " [-0.7317664   0.07073966  0.67787445]]\n",
      "[[1.0000001e+00 1.0027682e-08 9.4345680e-08]\n",
      " [1.0027682e-08 1.0000000e+00 9.9820472e-09]\n",
      " [9.4345680e-08 9.9820472e-09 9.9999994e-01]]\n",
      "R PRED 0 1\n",
      "[[-0.22682178 -0.1651364   0.9598343 ]\n",
      " [ 0.96629405  0.08505963  0.24298261]\n",
      " [-0.12176841  0.98259586  0.14027695]]\n",
      "[[1.0000000e+00 6.2636587e-08 1.2491307e-08]\n",
      " [6.2636587e-08 9.9999988e-01 7.6670714e-09]\n",
      " [1.2491307e-08 7.6670714e-09 9.9999982e-01]]\n",
      "det GT = 1.000000000 PRED = 0.999999821\n",
      "geo dist = 1.568554759\n",
      "L2 rot dist = 0.443448156\n",
      "------------- T\n",
      "T GT 0 1\n",
      "[-3269.9395  -293.6593  1701.2749] -> [-1.0899798  -0.09788644  0.56709164]\n",
      "T PRED 0 1\n",
      "[-5124.765   -1495.8895    660.85535] -> [-1.708255   -0.49862984  0.22028512]\n",
      "L2 T dist = 0.221044779\n",
      "================================================================================\n",
      "------------- R\n",
      "R GT 0 2\n",
      "[[-0.996157   -0.08594283 -0.01688492]\n",
      " [-0.08434427  0.8893337   0.44941258]\n",
      " [-0.02360746  0.4491096  -0.89316475]]\n",
      "[[ 1.00000000e+00 -2.11645386e-08  7.32053707e-09]\n",
      " [-2.11645386e-08  1.00000012e+00  1.29510624e-08]\n",
      " [ 7.32053707e-09  1.29510624e-08  1.00000000e+00]]\n",
      "R PRED 0 2\n",
      "[[-0.41525736 -0.17703001  0.8923125 ]\n",
      " [ 0.8976588   0.07935153  0.43348822]\n",
      " [-0.1475468   0.9810014   0.12596123]]\n",
      "[[ 9.9999994e-01 -5.5615814e-08 -8.8787075e-09]\n",
      " [-5.5615814e-08  1.0000001e+00 -2.1985084e-08]\n",
      " [-8.8787075e-09 -2.1985084e-08  1.0000000e+00]]\n",
      "det GT = 1.000000119 PRED = 1.000000000\n",
      "geo dist = 1.603282928\n",
      "L2 rot dist = 0.458880365\n",
      "------------- T\n",
      "T GT 0 2\n",
      "[ -153.39233 -2597.5159   9041.939  ] -> [-0.05113078 -0.86583865  3.01398   ]\n",
      "T PRED 0 2\n",
      "[-5423.4204  -1481.8623    920.70276] -> [-1.8078068  -0.4939541   0.30690092]\n",
      "L2 T dist = 3.517494917\n",
      "================================================================================\n"
     ]
    },
    {
     "ename": "ZeroDivisionError",
     "evalue": "division by zero",
     "output_type": "error",
     "traceback": [
      "\u001b[0;31m---------------------------------------------------------------------------\u001b[0m",
      "\u001b[0;31mZeroDivisionError\u001b[0m                         Traceback (most recent call last)",
      "\u001b[0;32m<ipython-input-20-391849a9c942>\u001b[0m in \u001b[0;36m<module>\u001b[0;34m\u001b[0m\n\u001b[1;32m      1\u001b[0m \u001b[0mconfig\u001b[0m \u001b[0;34m=\u001b[0m \u001b[0mget_config\u001b[0m\u001b[0;34m(\u001b[0m\u001b[0margs\u001b[0m\u001b[0;34m)\u001b[0m\u001b[0;34m\u001b[0m\u001b[0;34m\u001b[0m\u001b[0m\n\u001b[0;32m----> 2\u001b[0;31m \u001b[0mdo_train\u001b[0m\u001b[0;34m(\u001b[0m\u001b[0;32mNone\u001b[0m\u001b[0;34m,\u001b[0m \u001b[0;32mNone\u001b[0m\u001b[0;34m,\u001b[0m \u001b[0mconfig\u001b[0m\u001b[0;34m,\u001b[0m \u001b[0mdevice\u001b[0m\u001b[0;34m,\u001b[0m \u001b[0mis_distributed\u001b[0m\u001b[0;34m,\u001b[0m \u001b[0mmaster\u001b[0m\u001b[0;34m)\u001b[0m\u001b[0;34m\u001b[0m\u001b[0;34m\u001b[0m\u001b[0m\n\u001b[0m",
      "\u001b[0;32m~/scratch/learnable-triangulation-pytorch/train.py\u001b[0m in \u001b[0;36mdo_train\u001b[0;34m(config_path, logdir, config, device, is_distributed, master)\u001b[0m\n\u001b[1;32m    878\u001b[0m \u001b[0;34m\u001b[0m\u001b[0m\n\u001b[1;32m    879\u001b[0m         \u001b[0mminimon\u001b[0m\u001b[0;34m.\u001b[0m\u001b[0menter\u001b[0m\u001b[0;34m(\u001b[0m\u001b[0;34m)\u001b[0m\u001b[0;34m\u001b[0m\u001b[0;34m\u001b[0m\u001b[0m\n\u001b[0;32m--> 880\u001b[0;31m         one_epoch(\n\u001b[0m\u001b[1;32m    881\u001b[0m             \u001b[0mmodel\u001b[0m\u001b[0;34m,\u001b[0m \u001b[0mcriterion\u001b[0m\u001b[0;34m,\u001b[0m \u001b[0mopt\u001b[0m\u001b[0;34m,\u001b[0m \u001b[0mconfig\u001b[0m\u001b[0;34m,\u001b[0m \u001b[0mtrain_dataloader\u001b[0m\u001b[0;34m,\u001b[0m \u001b[0mdevice\u001b[0m\u001b[0;34m,\u001b[0m \u001b[0mepoch\u001b[0m\u001b[0;34m,\u001b[0m\u001b[0;34m\u001b[0m\u001b[0;34m\u001b[0m\u001b[0m\n\u001b[1;32m    882\u001b[0m             \u001b[0mminimon\u001b[0m\u001b[0;34m,\u001b[0m \u001b[0mis_train\u001b[0m\u001b[0;34m=\u001b[0m\u001b[0;32mTrue\u001b[0m\u001b[0;34m,\u001b[0m \u001b[0mmaster\u001b[0m\u001b[0;34m=\u001b[0m\u001b[0mmaster\u001b[0m\u001b[0;34m,\u001b[0m \u001b[0mexperiment_dir\u001b[0m\u001b[0;34m=\u001b[0m\u001b[0mexperiment_dir\u001b[0m\u001b[0;34m,\u001b[0m \u001b[0mcam2cam_model\u001b[0m\u001b[0;34m=\u001b[0m\u001b[0mcam2cam_model\u001b[0m\u001b[0;34m\u001b[0m\u001b[0;34m\u001b[0m\u001b[0m\n",
      "\u001b[0;32m~/scratch/learnable-triangulation-pytorch/train.py\u001b[0m in \u001b[0;36mone_epoch\u001b[0;34m(model, criterion, opt, config, dataloader, device, epoch, minimon, is_train, master, experiment_dir, cam2cam_model)\u001b[0m\n\u001b[1;32m    783\u001b[0m                     )\n\u001b[1;32m    784\u001b[0m             \u001b[0;32melse\u001b[0m\u001b[0;34m:\u001b[0m\u001b[0;34m\u001b[0m\u001b[0;34m\u001b[0m\u001b[0m\n\u001b[0;32m--> 785\u001b[0;31m                 results_pred = iter_batch(\n\u001b[0m\u001b[1;32m    786\u001b[0m                     \u001b[0mbatch\u001b[0m\u001b[0;34m,\u001b[0m \u001b[0miter_i\u001b[0m\u001b[0;34m,\u001b[0m \u001b[0mmodel\u001b[0m\u001b[0;34m,\u001b[0m \u001b[0mmodel_type\u001b[0m\u001b[0;34m,\u001b[0m \u001b[0mcriterion\u001b[0m\u001b[0;34m,\u001b[0m \u001b[0mopt\u001b[0m\u001b[0;34m,\u001b[0m \u001b[0mconfig\u001b[0m\u001b[0;34m,\u001b[0m \u001b[0mdataloader\u001b[0m\u001b[0;34m,\u001b[0m \u001b[0mdevice\u001b[0m\u001b[0;34m,\u001b[0m\u001b[0;34m\u001b[0m\u001b[0;34m\u001b[0m\u001b[0m\n\u001b[1;32m    787\u001b[0m                     \u001b[0mepoch\u001b[0m\u001b[0;34m,\u001b[0m \u001b[0mminimon\u001b[0m\u001b[0;34m,\u001b[0m \u001b[0mis_train\u001b[0m\u001b[0;34m,\u001b[0m \u001b[0mcam2cam_model\u001b[0m\u001b[0;34m=\u001b[0m\u001b[0mcam2cam_model\u001b[0m\u001b[0;34m\u001b[0m\u001b[0;34m\u001b[0m\u001b[0m\n",
      "\u001b[0;32m~/scratch/learnable-triangulation-pytorch/train.py\u001b[0m in \u001b[0;36miter_batch\u001b[0;34m(batch, iter_i, model, model_type, criterion, opt, config, dataloader, device, epoch, minimon, is_train, cam2cam_model)\u001b[0m\n\u001b[1;32m    691\u001b[0m \u001b[0;34m\u001b[0m\u001b[0m\n\u001b[1;32m    692\u001b[0m     \u001b[0;32mif\u001b[0m \u001b[0mconfig\u001b[0m\u001b[0;34m.\u001b[0m\u001b[0mmodel\u001b[0m\u001b[0;34m.\u001b[0m\u001b[0mcam2cam_estimation\u001b[0m\u001b[0;34m:\u001b[0m  \u001b[0;31m# predict cam2cam matrices\u001b[0m\u001b[0;34m\u001b[0m\u001b[0;34m\u001b[0m\u001b[0m\n\u001b[0;32m--> 693\u001b[0;31m         results = cam2cam_iter(\n\u001b[0m\u001b[1;32m    694\u001b[0m             \u001b[0mbatch\u001b[0m\u001b[0;34m,\u001b[0m \u001b[0miter_i\u001b[0m\u001b[0;34m,\u001b[0m \u001b[0mmodel\u001b[0m\u001b[0;34m,\u001b[0m \u001b[0mcam2cam_model\u001b[0m\u001b[0;34m,\u001b[0m \u001b[0mmodel_type\u001b[0m\u001b[0;34m,\u001b[0m \u001b[0mcriterion\u001b[0m\u001b[0;34m,\u001b[0m \u001b[0mopt\u001b[0m\u001b[0;34m,\u001b[0m \u001b[0mimages_batch\u001b[0m\u001b[0;34m,\u001b[0m \u001b[0mkeypoints_3d_gt\u001b[0m\u001b[0;34m,\u001b[0m \u001b[0mkeypoints_3d_binary_validity_gt\u001b[0m\u001b[0;34m,\u001b[0m \u001b[0mis_train\u001b[0m\u001b[0;34m,\u001b[0m \u001b[0mconfig\u001b[0m\u001b[0;34m,\u001b[0m \u001b[0mminimon\u001b[0m\u001b[0;34m\u001b[0m\u001b[0;34m\u001b[0m\u001b[0m\n\u001b[1;32m    695\u001b[0m         )\n",
      "\u001b[0;32m~/scratch/learnable-triangulation-pytorch/train.py\u001b[0m in \u001b[0;36mcam2cam_iter\u001b[0;34m(batch, iter_i, model, cam2cam_model, model_type, criterion, opt, images_batch, keypoints_3d_gt, keypoints_3d_binary_validity_gt, is_train, config, minimon)\u001b[0m\n\u001b[1;32m    566\u001b[0m             \u001b[0mprint\u001b[0m\u001b[0;34m(\u001b[0m\u001b[0;34m'='\u001b[0m \u001b[0;34m*\u001b[0m \u001b[0;36m80\u001b[0m\u001b[0;34m)\u001b[0m\u001b[0;34m\u001b[0m\u001b[0;34m\u001b[0m\u001b[0m\n\u001b[1;32m    567\u001b[0m \u001b[0;34m\u001b[0m\u001b[0m\n\u001b[0;32m--> 568\u001b[0;31m         \u001b[0;36m1\u001b[0m\u001b[0;34m/\u001b[0m\u001b[0;36m0\u001b[0m\u001b[0;34m\u001b[0m\u001b[0;34m\u001b[0m\u001b[0m\n\u001b[0m\u001b[1;32m    569\u001b[0m \u001b[0;34m\u001b[0m\u001b[0m\n\u001b[1;32m    570\u001b[0m     \u001b[0mminimon\u001b[0m\u001b[0;34m.\u001b[0m\u001b[0mleave\u001b[0m\u001b[0;34m(\u001b[0m\u001b[0;34m'cam2cam forward'\u001b[0m\u001b[0;34m)\u001b[0m\u001b[0;34m\u001b[0m\u001b[0;34m\u001b[0m\u001b[0m\n",
      "\u001b[0;31mZeroDivisionError\u001b[0m: division by zero"
     ]
    }
   ],
   "source": [
    "config = get_config(args)\n",
    "do_train(None, None, config, device, is_distributed, master)"
   ]
  }
 ],
 "metadata": {
  "kernelspec": {
   "display_name": "learnable-triangulation-pytorch",
   "language": "python",
   "name": "learnable-triangulation-pytorch"
  },
  "language_info": {
   "codemirror_mode": {
    "name": "ipython",
    "version": 3
   },
   "file_extension": ".py",
   "mimetype": "text/x-python",
   "name": "python",
   "nbconvert_exporter": "python",
   "pygments_lexer": "ipython3",
   "version": "3.8.5"
  }
 },
 "nbformat": 4,
 "nbformat_minor": 5
}
