{
 "cells": [
  {
   "cell_type": "code",
   "execution_count": 1,
   "id": "formed-george",
   "metadata": {},
   "outputs": [],
   "source": [
    "%load_ext autoreload\n",
    "%reload_ext autoreload\n",
    "%autoreload 2\n",
    "%matplotlib inline"
   ]
  },
  {
   "cell_type": "code",
   "execution_count": 2,
   "id": "annual-fireplace",
   "metadata": {},
   "outputs": [
    {
     "name": "stdout",
     "output_type": "stream",
     "text": [
      "|===========================================================================|\n",
      "|                  PyTorch CUDA memory summary, device ID 0                 |\n",
      "|---------------------------------------------------------------------------|\n",
      "|            CUDA OOMs: 0            |        cudaMalloc retries: 0         |\n",
      "|===========================================================================|\n",
      "|        Metric         | Cur Usage  | Peak Usage | Tot Alloc  | Tot Freed  |\n",
      "|---------------------------------------------------------------------------|\n",
      "| Allocated memory      |       0 B  |       0 B  |       0 B  |       0 B  |\n",
      "|       from large pool |       0 B  |       0 B  |       0 B  |       0 B  |\n",
      "|       from small pool |       0 B  |       0 B  |       0 B  |       0 B  |\n",
      "|---------------------------------------------------------------------------|\n",
      "| Active memory         |       0 B  |       0 B  |       0 B  |       0 B  |\n",
      "|       from large pool |       0 B  |       0 B  |       0 B  |       0 B  |\n",
      "|       from small pool |       0 B  |       0 B  |       0 B  |       0 B  |\n",
      "|---------------------------------------------------------------------------|\n",
      "| GPU reserved memory   |       0 B  |       0 B  |       0 B  |       0 B  |\n",
      "|       from large pool |       0 B  |       0 B  |       0 B  |       0 B  |\n",
      "|       from small pool |       0 B  |       0 B  |       0 B  |       0 B  |\n",
      "|---------------------------------------------------------------------------|\n",
      "| Non-releasable memory |       0 B  |       0 B  |       0 B  |       0 B  |\n",
      "|       from large pool |       0 B  |       0 B  |       0 B  |       0 B  |\n",
      "|       from small pool |       0 B  |       0 B  |       0 B  |       0 B  |\n",
      "|---------------------------------------------------------------------------|\n",
      "| Allocations           |       0    |       0    |       0    |       0    |\n",
      "|       from large pool |       0    |       0    |       0    |       0    |\n",
      "|       from small pool |       0    |       0    |       0    |       0    |\n",
      "|---------------------------------------------------------------------------|\n",
      "| Active allocs         |       0    |       0    |       0    |       0    |\n",
      "|       from large pool |       0    |       0    |       0    |       0    |\n",
      "|       from small pool |       0    |       0    |       0    |       0    |\n",
      "|---------------------------------------------------------------------------|\n",
      "| GPU reserved segments |       0    |       0    |       0    |       0    |\n",
      "|       from large pool |       0    |       0    |       0    |       0    |\n",
      "|       from small pool |       0    |       0    |       0    |       0    |\n",
      "|---------------------------------------------------------------------------|\n",
      "| Non-releasable allocs |       0    |       0    |       0    |       0    |\n",
      "|       from large pool |       0    |       0    |       0    |       0    |\n",
      "|       from small pool |       0    |       0    |       0    |       0    |\n",
      "|===========================================================================|\n",
      "\n"
     ]
    }
   ],
   "source": [
    "import os\n",
    "import gc\n",
    "import shutil\n",
    "import argparse\n",
    "import time\n",
    "import json\n",
    "from datetime import datetime\n",
    "from collections import defaultdict\n",
    "from itertools import islice\n",
    "import pickle\n",
    "import copy\n",
    "import traceback\n",
    "\n",
    "import numpy as np\n",
    "import cv2\n",
    "\n",
    "import torch\n",
    "from torch import nn\n",
    "from torch import autograd\n",
    "import torch.nn.functional as F\n",
    "import torch.optim as optim\n",
    "from torch.utils.data import DataLoader\n",
    "from torch.nn.parallel import DistributedDataParallel\n",
    "\n",
    "from mvn.models.triangulation import RANSACTriangulationNet, AlgebraicTriangulationNet, VolumetricTriangulationNet\n",
    "from mvn.models.loss import KeypointsMSELoss, KeypointsMSESmoothLoss, KeypointsMAELoss, KeypointsL2Loss, VolumetricCELoss, element_weighted_loss\n",
    "\n",
    "from mvn.utils import img, multiview, op, vis, misc, cfg\n",
    "from mvn.datasets import human36m\n",
    "from mvn.datasets import utils as dataset_utils\n",
    "from mvn.utils.multiview import project_3d_points_to_image_plane_without_distortion\n",
    "\n",
    "from mvn.utils.minimon import MiniMon\n",
    "from mvn.utils.misc import normalize_transformation, flush_cache\n",
    "from mvn.utils.dicts import NestedNamespace\n",
    "\n",
    "from train import setup_dataloaders, setup_experiment\n",
    "\n",
    "\n",
    "flush_cache()"
   ]
  },
  {
   "cell_type": "code",
   "execution_count": 3,
   "id": "latter-advance",
   "metadata": {},
   "outputs": [
    {
     "name": "stdout",
     "output_type": "stream",
     "text": [
      "# available GPUs: 1\n",
      "estimating dataset size ...\n",
      "  ... available subjects ['S1', 'S6', 'S7', 'S8'] and subsampling 1/10000 => 12 available frames\n",
      "estimating dataset size ...\n",
      "  ... available subjects ['S9', 'S11'] and subsampling 1/100 => 22 available frames\n",
      "  training dataset length: 12\n",
      "  validation dataset length: 5\n"
     ]
    }
   ],
   "source": [
    "def get_args():\n",
    "    args = NestedNamespace(\n",
    "        dict(\n",
    "            config='experiments/human36m/train/human36m_alg.yaml',\n",
    "            eval=False,\n",
    "            eval_dataset='val',\n",
    "            local_rank=None, logdir='/home/stefano/_tmp/logs',\n",
    "            seed=42\n",
    "        )\n",
    "    )\n",
    "\n",
    "    print('# available GPUs: {:d}'.format(torch.cuda.device_count()))\n",
    "    \n",
    "    return args\n",
    "\n",
    "\n",
    "def get_config(args):\n",
    "    config = cfg.load_config(args.config)\n",
    "\n",
    "    config.image_shape = [128, 128]\n",
    "    config.debug.write_imgs = True\n",
    "    config.debug.img_out = '/home/stefano/_tmp/logs/imgs'\n",
    "    config.debug.dump_checkpoints = False\n",
    "\n",
    "    config.opt.n_epochs = 2\n",
    "    config.opt.n_iters_per_epoch = config.opt.n_objects_per_epoch // config.opt.batch_size\n",
    "    \n",
    "    config.opt.torch_anomaly_detection = False\n",
    "\n",
    "    config.opt.batch_size = 8\n",
    "    config.opt.val_batch_size = 16\n",
    "\n",
    "    data_folder = '/home/stefano/_tmp/data/'\n",
    "\n",
    "    config.model.triangulate_in_world_space = True  # in cam space\n",
    "    config.model.cam2cam_estimation = True\n",
    "    config.model.init_weights = False  # there is no point in loading full module with a shitty GPU\n",
    "    config.model.checkpoint = data_folder + 'weights_alg.pth'  #  + 'weights_vol.pth'\n",
    "    config.model.backbone.checkpoint = data_folder + 'pose_resnet_4.5_pixels_human36m.pth'\n",
    "    config.model.backbone.init_weights = config.model.init_weights\n",
    "    config.model.backbone.num_layers = 18  # very small BB\n",
    "    config.model.backbone.num_deconv_filters = 32\n",
    "\n",
    "    config.dataset.train.h36m_root = data_folder + 'processed/'\n",
    "    config.dataset.train.labels_path = data_folder + 'human36m-multiview-labels-GTbboxes.npy'\n",
    "    config.dataset.train.retain_every_n_frames_in_train = 10000  # 12 images when in full dataset\n",
    "    config.dataset.train.num_workers = 2\n",
    "\n",
    "    config.dataset.val.h36m_root = config.dataset.train.h36m_root  # the same! WTF!\n",
    "    config.dataset.val.labels_path = config.dataset.train.labels_path  # the same! WTF!\n",
    "    config.dataset.val.retain_every_n_frames_in_test = 500  # 5 images when in full dataset\n",
    "    config.dataset.val.num_workers = 2\n",
    "    \n",
    "    return config\n",
    "\n",
    "\n",
    "def build_labels(f_path, retain_every_n_frames, allowed_subjects=['S1', 'S6', 'S7', 'S8']):\n",
    "    print('estimating dataset size ...')\n",
    "    labels = np.load(f_path, allow_pickle=True).item()\n",
    "    \n",
    "    subjects = [\n",
    "        labels['subject_names'].index(x)\n",
    "        for x in allowed_subjects  # todo solve missing images in 'S5'\n",
    "    ]\n",
    "    \n",
    "    mask = np.isin(labels['table']['subject_idx'], subjects, assume_unique=True)\n",
    "    indices = np.nonzero(mask)[0][::retain_every_n_frames]\n",
    "    \n",
    "    print('  ... available subjects {} and subsampling 1/{:d} => {:d} available frames'.format(\n",
    "        allowed_subjects,\n",
    "        retain_every_n_frames,\n",
    "        len(indices)\n",
    "    ))\n",
    "    \n",
    "    return labels, mask, indices\n",
    "\n",
    "\n",
    "def build_env(config, device):\n",
    "    model = {\n",
    "        \"ransac\": RANSACTriangulationNet,\n",
    "        \"alg\": AlgebraicTriangulationNet,\n",
    "        \"vol\": VolumetricTriangulationNet\n",
    "    }[config.model.name](config, device=device).to(device)\n",
    "\n",
    "    if config.model.init_weights:\n",
    "        state_dict = torch.load(config.model.checkpoint)\n",
    "        for key in list(state_dict.keys()):\n",
    "            new_key = key.replace(\"module.\", \"\")\n",
    "            state_dict[new_key] = state_dict.pop(key)\n",
    "\n",
    "        model.load_state_dict(state_dict, strict=True)\n",
    "        print('Successfully loaded pretrained weights for whole model')\n",
    "    \n",
    "    criterion_class = {\n",
    "        \"MSE\": KeypointsMSELoss,\n",
    "        \"MSESmooth\": KeypointsMSESmoothLoss,\n",
    "        \"MAE\": KeypointsMAELoss\n",
    "    }[config.opt.criterion]\n",
    "\n",
    "    if config.opt.criterion == \"MSESmooth\":\n",
    "        criterion = criterion_class(config.opt.mse_smooth_threshold)\n",
    "    else:\n",
    "        criterion = criterion_class()\n",
    "\n",
    "    if config.model.name == \"vol\":\n",
    "        opt = torch.optim.Adam(\n",
    "            [\n",
    "                {\n",
    "                    'params': model.backbone.parameters()\n",
    "                },\n",
    "                {\n",
    "                    'params': model.process_features.parameters(),\n",
    "                    'lr': config.opt.process_features_lr if hasattr(config.opt, \"process_features_lr\") else config.opt.lr\n",
    "                },\n",
    "                {\n",
    "                    'params': model.volume_net.parameters(),\n",
    "                    'lr': config.opt.volume_net_lr if hasattr(config.opt, \"volume_net_lr\") else config.opt.lr\n",
    "                }\n",
    "            ],\n",
    "            lr=config.opt.lr\n",
    "        )\n",
    "    else:\n",
    "        opt = optim.Adam(\n",
    "            filter(lambda p: p.requires_grad, model.parameters()),\n",
    "            lr=config.opt.lr\n",
    "        )\n",
    "    \n",
    "    return model, criterion, opt\n",
    "\n",
    "\n",
    "is_distributed = False\n",
    "master = True\n",
    "device = torch.device(0)\n",
    "    \n",
    "args = get_args()\n",
    "config = get_config(args)\n",
    "model, criterion, opt = build_env(config, torch.device(0))\n",
    "labels, mask, indices = build_labels(config.dataset.train.labels_path, 10000)\n",
    "labels, mask, indices = build_labels(config.dataset.train.labels_path, 100, allowed_subjects=['S9', 'S11'])\n",
    "\n",
    "train_dataloader, val_dataloader, train_sampler = setup_dataloaders(config, distributed_train=is_distributed)  # ~ 0 seconds"
   ]
  },
  {
   "cell_type": "code",
   "execution_count": 25,
   "id": "dedicated-speech",
   "metadata": {
    "scrolled": false
   },
   "outputs": [
    {
     "name": "stdout",
     "output_type": "stream",
     "text": [
      "epoch    0 has started!\n",
      "error ~ 0.00000 %\n",
      "frame #0 cam 0 (R ~ [[-0.9153617   0.40180838  0.02574755]\n",
      " [ 0.05154812  0.18037356 -0.9822465 ]\n",
      " [-0.39931902 -0.89778364 -0.18581952]]) -> cam 1 (R ~ [[ 0.92816836  0.37215385  0.00224838]\n",
      " [ 0.08166409 -0.1977723  -0.9768404 ]\n",
      " [-0.36309022  0.9068559  -0.2139576 ]]) => rot2rot ~ [[-0.70001745 -0.17936999  0.69123226]\n",
      " [ 0.11276358  0.9280347   0.35501528]\n",
      " [-0.7051667   0.3264627  -0.629414  ]]\n",
      "error ~ 0.00000 %\n",
      "frame #0 cam 0 (R ~ [[-0.9153617   0.40180838  0.02574755]\n",
      " [ 0.05154812  0.18037356 -0.9822465 ]\n",
      " [-0.39931902 -0.89778364 -0.18581952]]) -> cam 2 (R ~ [[-0.91415495 -0.40277803 -0.04572295]\n",
      " [-0.04562341  0.2143085  -0.97569996]\n",
      " [ 0.4027893  -0.8898549  -0.21428728]]) => rot2rot ~ [[ 0.6737656   0.10275099 -0.7317664 ]\n",
      " [-0.07486226  0.9946816   0.07073967]\n",
      " [ 0.73514324  0.00711973  0.67787445]]\n",
      "error ~ 0.00001 %\n",
      "frame #0 cam 0 (R ~ [[-0.9153617   0.40180838  0.02574755]\n",
      " [ 0.05154812  0.18037356 -0.9822465 ]\n",
      " [-0.39931902 -0.89778364 -0.18581952]]) -> cam 3 (R ~ [[ 0.91415626 -0.40060705  0.06190599]\n",
      " [-0.05641001 -0.2769532  -0.9592262 ]\n",
      " [ 0.40141782  0.8733905  -0.27577674]]) => rot2rot ~ [[-0.996157   -0.08434426 -0.0236075 ]\n",
      " [-0.08594282  0.88933367  0.4491096 ]\n",
      " [-0.01688492  0.44941255 -0.89316475]]\n",
      "error ~ 0.00000 %\n",
      "frame #0 cam 1 (R ~ [[ 0.92816836  0.37215385  0.00224838]\n",
      " [ 0.08166409 -0.1977723  -0.9768404 ]\n",
      " [-0.36309022  0.9068559  -0.2139576 ]]) -> cam 2 (R ~ [[-0.91415495 -0.40277803 -0.04572295]\n",
      " [-0.04562341  0.2143085  -0.97569996]\n",
      " [ 0.4027893  -0.8898549  -0.21428728]]) => rot2rot ~ [[-0.99848783  0.03521579  0.04221152]\n",
      " [ 0.04966872  0.90699303  0.41820654]\n",
      " [-0.02355813  0.41967076 -0.9073707 ]]\n",
      "error ~ 0.00000 %\n",
      "frame #0 cam 1 (R ~ [[ 0.92816836  0.37215385  0.00224838]\n",
      " [ 0.08166409 -0.1977723  -0.9768404 ]\n",
      " [-0.36309022  0.9068559  -0.2139576 ]]) -> cam 3 (R ~ [[ 0.91415626 -0.40060705  0.06190599]\n",
      " [-0.05641001 -0.2769532  -0.9592262 ]\n",
      " [ 0.40141782  0.8733905  -0.27577674]]) => rot2rot ~ [[ 0.6995426  -0.15758388  0.6969989 ]\n",
      " [ 0.09341045  0.98717785  0.12943883]\n",
      " [-0.7084594  -0.025441    0.705293  ]]\n",
      "error ~ 0.00000 %\n",
      "frame #0 cam 2 (R ~ [[-0.91415495 -0.40277803 -0.04572295]\n",
      " [-0.04562341  0.2143085  -0.97569996]\n",
      " [ 0.4027893  -0.8898549  -0.21428728]]) -> cam 3 (R ~ [[ 0.91415626 -0.40060705  0.06190599]\n",
      " [-0.05641001 -0.2769532  -0.9592262 ]\n",
      " [ 0.40141782  0.8733905  -0.27577674]]) => rot2rot ~ [[-0.67715526  0.20697679 -0.7061313 ]\n",
      " [-0.18796209  0.8791371   0.43793628]\n",
      " [ 0.7114289   0.4292768  -0.5564086 ]]\n",
      "error ~ 0.00000 %\n",
      "frame #1 cam 0 (R ~ [[-0.9149503   0.40348643  0.00803635]\n",
      " [ 0.07174776  0.1822276  -0.98063517]\n",
      " [-0.39713743 -0.8966559  -0.19567846]]) -> cam 1 (R ~ [[ 0.91973644  0.39209902  0.01852537]\n",
      " [ 0.10147807 -0.1919146  -0.9761511 ]\n",
      " [-0.3791926   0.8996817  -0.21630031]]) => rot2rot ~ [[-0.6831577  -0.17812702  0.7082135 ]\n",
      " [ 0.11927366  0.92955685  0.3488523 ]\n",
      " [-0.7204647   0.32279235 -0.61378795]]\n",
      "error ~ 0.00000 %\n",
      "frame #1 cam 0 (R ~ [[-0.9149503   0.40348643  0.00803635]\n",
      " [ 0.07174776  0.1822276  -0.98063517]\n",
      " [-0.39713743 -0.8966559  -0.19567846]]) -> cam 2 (R ~ [[-0.9165777  -0.39393485 -0.0685614 ]\n",
      " [-0.01984532  0.2160707  -0.976176  ]\n",
      " [ 0.39936385 -0.8933805  -0.20586334]]) => rot2rot ~ [[ 0.6791248   0.09749418 -0.7275194 ]\n",
      " [-0.07031448  0.9952228   0.06773172]\n",
      " [ 0.7306473   0.00515686  0.68273556]]\n",
      "error ~ 0.00001 %\n",
      "frame #1 cam 0 (R ~ [[-0.9149503   0.40348643  0.00803635]\n",
      " [ 0.07174776  0.1822276  -0.98063517]\n",
      " [-0.39713743 -0.8966559  -0.19567846]]) -> cam 3 (R ~ [[ 0.918295   -0.3850769   0.09192373]\n",
      " [-0.01553499 -0.26706147 -0.96355426]\n",
      " [ 0.39559177  0.88339907 -0.2512234 ]]) => rot2rot ~ [[-0.994829   -0.1012854  -0.0075262 ]\n",
      " [-0.09442966  0.89511466  0.435721  ]\n",
      " [-0.03739535  0.43417856 -0.9000503 ]]\n",
      "error ~ 0.00001 %\n",
      "frame #1 cam 1 (R ~ [[ 0.91973644  0.39209902  0.01852537]\n",
      " [ 0.10147807 -0.1919146  -0.9761511 ]\n",
      " [-0.3791926   0.8996817  -0.21630031]]) -> cam 2 (R ~ [[-0.9165777  -0.39393485 -0.0685614 ]\n",
      " [-0.01984532  0.2160707  -0.976176  ]\n",
      " [ 0.39936385 -0.8933805  -0.20586334]]) => rot2rot ~ [[-0.9987415   0.04838463  0.01320219]\n",
      " [ 0.0495156   0.90941435  0.41293317]\n",
      " [ 0.0079734   0.41306722 -0.91066563]]\n",
      "error ~ 0.00001 %\n",
      "frame #1 cam 1 (R ~ [[ 0.91973644  0.39209902  0.01852537]\n",
      " [ 0.10147807 -0.1919146  -0.9761511 ]\n",
      " [-0.3791926   0.8996817  -0.21630031]]) -> cam 3 (R ~ [[ 0.918295   -0.3850769   0.09192373]\n",
      " [-0.01553499 -0.26706147 -0.96355426]\n",
      " [ 0.39559177  0.88339907 -0.2512234 ]]) => rot2rot ~ [[ 0.6953041  -0.13685283  0.7055661 ]\n",
      " [ 0.07735724  0.9902511   0.11583869]\n",
      " [-0.7145405  -0.02596248  0.6991122 ]]\n",
      "error ~ 0.00000 %\n",
      "frame #1 cam 2 (R ~ [[-0.9165777  -0.39393485 -0.0685614 ]\n",
      " [-0.01984532  0.2160707  -0.976176  ]\n",
      " [ 0.39936385 -0.8933805  -0.20586334]]) -> cam 3 (R ~ [[ 0.918295   -0.3850769   0.09192373]\n",
      " [-0.01553499 -0.26706147 -0.96355426]\n",
      " [ 0.39559177  0.88339907 -0.2512234 ]]) => rot2rot ~ [[-0.696296    0.18550648 -0.693368  ]\n",
      " [-0.19116144  0.88320273  0.42826426]\n",
      " [ 0.6918304   0.4307439  -0.57950884]]\n",
      "error ~ 0.00000 %\n",
      "frame #2 cam 0 (R ~ [[-0.9055764   0.42392653  0.01475238]\n",
      " [ 0.06862812  0.18074372 -0.981133  ]\n",
      " [-0.4185947  -0.8874785  -0.19277054]]) -> cam 1 (R ~ [[ 0.92126405  0.38860118  0.01617474]\n",
      " [ 0.09922277 -0.19461155 -0.975849  ]\n",
      " [-0.37606826  0.9006195  -0.2178467 ]]) => rot2rot ~ [[-0.6692981  -0.1867509   0.7191413 ]\n",
      " [ 0.11759228  0.9290722   0.35070902]\n",
      " [-0.73362947  0.31929433 -0.59986573]]\n",
      "error ~ 0.00000 %\n",
      "frame #2 cam 0 (R ~ [[-0.9055764   0.42392653  0.01475238]\n",
      " [ 0.06862812  0.18074372 -0.981133  ]\n",
      " [-0.4185947  -0.8874785  -0.19277054]]) -> cam 2 (R ~ [[-0.92450696 -0.37555596 -0.06515035]\n",
      " [-0.01895501  0.2160111  -0.9762069 ]\n",
      " [ 0.38069353 -0.90127516 -0.20682244]]) => rot2rot ~ [[ 0.6770425   0.09433668 -0.72987264]\n",
      " [-0.0674054   0.99553055  0.06614676]\n",
      " [ 0.73285055  0.00441319  0.6803752 ]]\n",
      "error ~ 0.00000 %\n",
      "frame #2 cam 0 (R ~ [[-0.9055764   0.42392653  0.01475238]\n",
      " [ 0.06862812  0.18074372 -0.981133  ]\n",
      " [-0.4185947  -0.8874785  -0.19277054]]) -> cam 3 (R ~ [[ 0.9228354  -0.37440017  0.09055029]\n",
      " [-0.01498208 -0.2697866  -0.9628036 ]\n",
      " [ 0.38490307  0.8871526  -0.2545779 ]]) => rot2rot ~ [[-0.9930803  -0.11500592  0.02377273]\n",
      " [-0.09317989  0.89484787  0.4365372 ]\n",
      " [-0.07147737  0.43130136 -0.89937204]]\n",
      "error ~ 0.00000 %\n",
      "frame #2 cam 1 (R ~ [[ 0.92126405  0.38860118  0.01617474]\n",
      " [ 0.09922277 -0.19461155 -0.975849  ]\n",
      " [-0.37606826  0.9006195  -0.2178467 ]]) -> cam 2 (R ~ [[-0.92450696 -0.37555596 -0.06515035]\n",
      " [-0.01895501  0.2160111  -0.9762069 ]\n",
      " [ 0.38069353 -0.90127516 -0.20682244]]) => rot2rot ~ [[-0.9987104   0.05068971 -0.00286262]\n",
      " [ 0.04493228  0.9087115   0.41499946]\n",
      " [ 0.02363752  0.41433564 -0.9098171 ]]\n",
      "error ~ 0.00000 %\n",
      "frame #2 cam 1 (R ~ [[ 0.92126405  0.38860118  0.01617474]\n",
      " [ 0.09922277 -0.19461155 -0.975849  ]\n",
      " [-0.37606826  0.9006195  -0.2178467 ]]) -> cam 3 (R ~ [[ 0.9228354  -0.37440017  0.09055029]\n",
      " [-0.01498208 -0.2697866  -0.9628036 ]\n",
      " [ 0.38490307  0.8871526  -0.2545779 ]]) => rot2rot ~ [[ 0.7061474  -0.13421494  0.6952282 ]\n",
      " [ 0.07606547  0.9905679   0.11397061]\n",
      " [-0.7039673  -0.02759717  0.709696  ]]\n",
      "error ~ 0.00000 %\n",
      "frame #2 cam 2 (R ~ [[-0.92450696 -0.37555596 -0.06515035]\n",
      " [-0.01895501  0.2160111  -0.9762069 ]\n",
      " [ 0.38069353 -0.90127516 -0.20682244]]) -> cam 3 (R ~ [[ 0.9228354  -0.37440017  0.09055029]\n",
      " [-0.01498208 -0.2697866  -0.9628036 ]\n",
      " [ 0.38490307  0.8871526  -0.2545779 ]]) => rot2rot ~ [[-0.71845895  0.177898   -0.6724352 ]\n",
      " [-0.18676277  0.8819026   0.4328597 ]\n",
      " [ 0.6700272   0.43657777 -0.6003861 ]]\n",
      "error ~ 0.00000 %\n",
      "frame #3 cam 0 (R ~ [[-0.9153617   0.40180838  0.02574755]\n",
      " [ 0.05154812  0.18037356 -0.9822465 ]\n",
      " [-0.39931902 -0.89778364 -0.18581952]]) -> cam 1 (R ~ [[ 0.92816836  0.37215385  0.00224838]\n",
      " [ 0.08166409 -0.1977723  -0.9768404 ]\n",
      " [-0.36309022  0.9068559  -0.2139576 ]]) => rot2rot ~ [[-0.70001745 -0.17936999  0.69123226]\n",
      " [ 0.11276358  0.9280347   0.35501528]\n",
      " [-0.7051667   0.3264627  -0.629414  ]]\n",
      "error ~ 0.00000 %\n",
      "frame #3 cam 0 (R ~ [[-0.9153617   0.40180838  0.02574755]\n",
      " [ 0.05154812  0.18037356 -0.9822465 ]\n",
      " [-0.39931902 -0.89778364 -0.18581952]]) -> cam 2 (R ~ [[-0.91415495 -0.40277803 -0.04572295]\n",
      " [-0.04562341  0.2143085  -0.97569996]\n",
      " [ 0.4027893  -0.8898549  -0.21428728]]) => rot2rot ~ [[ 0.6737656   0.10275099 -0.7317664 ]\n",
      " [-0.07486226  0.9946816   0.07073967]\n",
      " [ 0.73514324  0.00711973  0.67787445]]\n",
      "error ~ 0.00000 %\n",
      "frame #3 cam 0 (R ~ [[-0.9153617   0.40180838  0.02574755]\n",
      " [ 0.05154812  0.18037356 -0.9822465 ]\n",
      " [-0.39931902 -0.89778364 -0.18581952]]) -> cam 3 (R ~ [[ 0.91415626 -0.40060705  0.06190599]\n",
      " [-0.05641001 -0.2769532  -0.9592262 ]\n",
      " [ 0.40141782  0.8733905  -0.27577674]]) => rot2rot ~ [[-0.996157   -0.08434426 -0.0236075 ]\n",
      " [-0.08594282  0.88933367  0.4491096 ]\n",
      " [-0.01688492  0.44941255 -0.89316475]]\n",
      "error ~ 0.00000 %\n",
      "frame #3 cam 1 (R ~ [[ 0.92816836  0.37215385  0.00224838]\n",
      " [ 0.08166409 -0.1977723  -0.9768404 ]\n",
      " [-0.36309022  0.9068559  -0.2139576 ]]) -> cam 2 (R ~ [[-0.91415495 -0.40277803 -0.04572295]\n",
      " [-0.04562341  0.2143085  -0.97569996]\n",
      " [ 0.4027893  -0.8898549  -0.21428728]]) => rot2rot ~ [[-0.99848783  0.03521579  0.04221152]\n",
      " [ 0.04966872  0.90699303  0.41820654]\n",
      " [-0.02355813  0.41967076 -0.9073707 ]]\n",
      "error ~ 0.00000 %\n",
      "frame #3 cam 1 (R ~ [[ 0.92816836  0.37215385  0.00224838]\n",
      " [ 0.08166409 -0.1977723  -0.9768404 ]\n",
      " [-0.36309022  0.9068559  -0.2139576 ]]) -> cam 3 (R ~ [[ 0.91415626 -0.40060705  0.06190599]\n",
      " [-0.05641001 -0.2769532  -0.9592262 ]\n",
      " [ 0.40141782  0.8733905  -0.27577674]]) => rot2rot ~ [[ 0.6995426  -0.15758388  0.6969989 ]\n",
      " [ 0.09341045  0.98717785  0.12943883]\n",
      " [-0.7084594  -0.025441    0.705293  ]]\n",
      "error ~ 0.00000 %\n",
      "frame #3 cam 2 (R ~ [[-0.91415495 -0.40277803 -0.04572295]\n",
      " [-0.04562341  0.2143085  -0.97569996]\n",
      " [ 0.4027893  -0.8898549  -0.21428728]]) -> cam 3 (R ~ [[ 0.91415626 -0.40060705  0.06190599]\n",
      " [-0.05641001 -0.2769532  -0.9592262 ]\n",
      " [ 0.40141782  0.8733905  -0.27577674]]) => rot2rot ~ [[-0.67715526  0.20697679 -0.7061313 ]\n",
      " [-0.18796209  0.8791371   0.43793628]\n",
      " [ 0.7114289   0.4292768  -0.5564086 ]]\n",
      "error ~ 0.00001 %\n",
      "frame #4 cam 0 (R ~ [[-0.9055764   0.42392653  0.01475238]\n",
      " [ 0.06862812  0.18074372 -0.981133  ]\n",
      " [-0.4185947  -0.8874785  -0.19277054]]) -> cam 1 (R ~ [[ 0.92126405  0.38860118  0.01617474]\n",
      " [ 0.09922277 -0.19461155 -0.975849  ]\n",
      " [-0.37606826  0.9006195  -0.2178467 ]]) => rot2rot ~ [[-0.6692981  -0.1867509   0.7191413 ]\n",
      " [ 0.11759228  0.9290722   0.35070902]\n",
      " [-0.73362947  0.31929433 -0.59986573]]\n",
      "error ~ 0.00000 %\n",
      "frame #4 cam 0 (R ~ [[-0.9055764   0.42392653  0.01475238]\n",
      " [ 0.06862812  0.18074372 -0.981133  ]\n",
      " [-0.4185947  -0.8874785  -0.19277054]]) -> cam 2 (R ~ [[-0.92450696 -0.37555596 -0.06515035]\n",
      " [-0.01895501  0.2160111  -0.9762069 ]\n",
      " [ 0.38069353 -0.90127516 -0.20682244]]) => rot2rot ~ [[ 0.6770425   0.09433668 -0.72987264]\n",
      " [-0.0674054   0.99553055  0.06614676]\n",
      " [ 0.73285055  0.00441319  0.6803752 ]]\n",
      "error ~ 0.00001 %\n",
      "frame #4 cam 0 (R ~ [[-0.9055764   0.42392653  0.01475238]\n",
      " [ 0.06862812  0.18074372 -0.981133  ]\n",
      " [-0.4185947  -0.8874785  -0.19277054]]) -> cam 3 (R ~ [[ 0.9228354  -0.37440017  0.09055029]\n",
      " [-0.01498208 -0.2697866  -0.9628036 ]\n",
      " [ 0.38490307  0.8871526  -0.2545779 ]]) => rot2rot ~ [[-0.9930803  -0.11500592  0.02377273]\n",
      " [-0.09317989  0.89484787  0.4365372 ]\n",
      " [-0.07147737  0.43130136 -0.89937204]]\n",
      "error ~ 0.00000 %\n",
      "frame #4 cam 1 (R ~ [[ 0.92126405  0.38860118  0.01617474]\n",
      " [ 0.09922277 -0.19461155 -0.975849  ]\n",
      " [-0.37606826  0.9006195  -0.2178467 ]]) -> cam 2 (R ~ [[-0.92450696 -0.37555596 -0.06515035]\n",
      " [-0.01895501  0.2160111  -0.9762069 ]\n",
      " [ 0.38069353 -0.90127516 -0.20682244]]) => rot2rot ~ [[-0.9987104   0.05068971 -0.00286262]\n",
      " [ 0.04493228  0.9087115   0.41499946]\n",
      " [ 0.02363752  0.41433564 -0.9098171 ]]\n",
      "error ~ 0.00000 %\n",
      "frame #4 cam 1 (R ~ [[ 0.92126405  0.38860118  0.01617474]\n",
      " [ 0.09922277 -0.19461155 -0.975849  ]\n",
      " [-0.37606826  0.9006195  -0.2178467 ]]) -> cam 3 (R ~ [[ 0.9228354  -0.37440017  0.09055029]\n",
      " [-0.01498208 -0.2697866  -0.9628036 ]\n",
      " [ 0.38490307  0.8871526  -0.2545779 ]]) => rot2rot ~ [[ 0.7061474  -0.13421494  0.6952282 ]\n",
      " [ 0.07606547  0.9905679   0.11397061]\n",
      " [-0.7039673  -0.02759717  0.709696  ]]\n",
      "error ~ 0.00000 %\n",
      "frame #4 cam 2 (R ~ [[-0.92450696 -0.37555596 -0.06515035]\n",
      " [-0.01895501  0.2160111  -0.9762069 ]\n",
      " [ 0.38069353 -0.90127516 -0.20682244]]) -> cam 3 (R ~ [[ 0.9228354  -0.37440017  0.09055029]\n",
      " [-0.01498208 -0.2697866  -0.9628036 ]\n",
      " [ 0.38490307  0.8871526  -0.2545779 ]]) => rot2rot ~ [[-0.71845895  0.177898   -0.6724352 ]\n",
      " [-0.18676277  0.8819026   0.4328597 ]\n",
      " [ 0.6700272   0.43657777 -0.6003861 ]]\n",
      "error ~ 0.00000 %\n",
      "frame #5 cam 0 (R ~ [[-0.9055764   0.42392653  0.01475238]\n",
      " [ 0.06862812  0.18074372 -0.981133  ]\n",
      " [-0.4185947  -0.8874785  -0.19277054]]) -> cam 1 (R ~ [[ 0.92126405  0.38860118  0.01617474]\n",
      " [ 0.09922277 -0.19461155 -0.975849  ]\n",
      " [-0.37606826  0.9006195  -0.2178467 ]]) => rot2rot ~ [[-0.6692981  -0.1867509   0.7191413 ]\n",
      " [ 0.11759228  0.9290722   0.35070902]\n",
      " [-0.73362947  0.31929433 -0.59986573]]\n",
      "error ~ 0.00000 %\n",
      "frame #5 cam 0 (R ~ [[-0.9055764   0.42392653  0.01475238]\n",
      " [ 0.06862812  0.18074372 -0.981133  ]\n",
      " [-0.4185947  -0.8874785  -0.19277054]]) -> cam 2 (R ~ [[-0.92450696 -0.37555596 -0.06515035]\n",
      " [-0.01895501  0.2160111  -0.9762069 ]\n",
      " [ 0.38069353 -0.90127516 -0.20682244]]) => rot2rot ~ [[ 0.6770425   0.09433668 -0.72987264]\n",
      " [-0.0674054   0.99553055  0.06614676]\n",
      " [ 0.73285055  0.00441319  0.6803752 ]]\n",
      "error ~ 0.00000 %\n",
      "frame #5 cam 0 (R ~ [[-0.9055764   0.42392653  0.01475238]\n",
      " [ 0.06862812  0.18074372 -0.981133  ]\n",
      " [-0.4185947  -0.8874785  -0.19277054]]) -> cam 3 (R ~ [[ 0.9228354  -0.37440017  0.09055029]\n",
      " [-0.01498208 -0.2697866  -0.9628036 ]\n",
      " [ 0.38490307  0.8871526  -0.2545779 ]]) => rot2rot ~ [[-0.9930803  -0.11500592  0.02377273]\n",
      " [-0.09317989  0.89484787  0.4365372 ]\n",
      " [-0.07147737  0.43130136 -0.89937204]]\n",
      "error ~ 0.00000 %\n",
      "frame #5 cam 1 (R ~ [[ 0.92126405  0.38860118  0.01617474]\n",
      " [ 0.09922277 -0.19461155 -0.975849  ]\n",
      " [-0.37606826  0.9006195  -0.2178467 ]]) -> cam 2 (R ~ [[-0.92450696 -0.37555596 -0.06515035]\n",
      " [-0.01895501  0.2160111  -0.9762069 ]\n",
      " [ 0.38069353 -0.90127516 -0.20682244]]) => rot2rot ~ [[-0.9987104   0.05068971 -0.00286262]\n",
      " [ 0.04493228  0.9087115   0.41499946]\n",
      " [ 0.02363752  0.41433564 -0.9098171 ]]\n",
      "error ~ 0.00001 %\n",
      "frame #5 cam 1 (R ~ [[ 0.92126405  0.38860118  0.01617474]\n",
      " [ 0.09922277 -0.19461155 -0.975849  ]\n",
      " [-0.37606826  0.9006195  -0.2178467 ]]) -> cam 3 (R ~ [[ 0.9228354  -0.37440017  0.09055029]\n",
      " [-0.01498208 -0.2697866  -0.9628036 ]\n",
      " [ 0.38490307  0.8871526  -0.2545779 ]]) => rot2rot ~ [[ 0.7061474  -0.13421494  0.6952282 ]\n",
      " [ 0.07606547  0.9905679   0.11397061]\n",
      " [-0.7039673  -0.02759717  0.709696  ]]\n",
      "error ~ 0.00001 %\n",
      "frame #5 cam 2 (R ~ [[-0.92450696 -0.37555596 -0.06515035]\n",
      " [-0.01895501  0.2160111  -0.9762069 ]\n",
      " [ 0.38069353 -0.90127516 -0.20682244]]) -> cam 3 (R ~ [[ 0.9228354  -0.37440017  0.09055029]\n",
      " [-0.01498208 -0.2697866  -0.9628036 ]\n",
      " [ 0.38490307  0.8871526  -0.2545779 ]]) => rot2rot ~ [[-0.71845895  0.177898   -0.6724352 ]\n",
      " [-0.18676277  0.8819026   0.4328597 ]\n",
      " [ 0.6700272   0.43657777 -0.6003861 ]]\n",
      "error ~ 0.00000 %\n",
      "frame #6 cam 0 (R ~ [[-0.9055764   0.42392653  0.01475238]\n",
      " [ 0.06862812  0.18074372 -0.981133  ]\n",
      " [-0.4185947  -0.8874785  -0.19277054]]) -> cam 1 (R ~ [[ 0.92126405  0.38860118  0.01617474]\n",
      " [ 0.09922277 -0.19461155 -0.975849  ]\n",
      " [-0.37606826  0.9006195  -0.2178467 ]]) => rot2rot ~ [[-0.6692981  -0.1867509   0.7191413 ]\n",
      " [ 0.11759228  0.9290722   0.35070902]\n",
      " [-0.73362947  0.31929433 -0.59986573]]\n",
      "error ~ 0.00000 %\n",
      "frame #6 cam 0 (R ~ [[-0.9055764   0.42392653  0.01475238]\n",
      " [ 0.06862812  0.18074372 -0.981133  ]\n",
      " [-0.4185947  -0.8874785  -0.19277054]]) -> cam 2 (R ~ [[-0.92450696 -0.37555596 -0.06515035]\n",
      " [-0.01895501  0.2160111  -0.9762069 ]\n",
      " [ 0.38069353 -0.90127516 -0.20682244]]) => rot2rot ~ [[ 0.6770425   0.09433668 -0.72987264]\n",
      " [-0.0674054   0.99553055  0.06614676]\n",
      " [ 0.73285055  0.00441319  0.6803752 ]]\n",
      "error ~ 0.00000 %\n",
      "frame #6 cam 0 (R ~ [[-0.9055764   0.42392653  0.01475238]\n",
      " [ 0.06862812  0.18074372 -0.981133  ]\n",
      " [-0.4185947  -0.8874785  -0.19277054]]) -> cam 3 (R ~ [[ 0.9228354  -0.37440017  0.09055029]\n",
      " [-0.01498208 -0.2697866  -0.9628036 ]\n",
      " [ 0.38490307  0.8871526  -0.2545779 ]]) => rot2rot ~ [[-0.9930803  -0.11500592  0.02377273]\n",
      " [-0.09317989  0.89484787  0.4365372 ]\n",
      " [-0.07147737  0.43130136 -0.89937204]]\n",
      "error ~ 0.00000 %\n",
      "frame #6 cam 1 (R ~ [[ 0.92126405  0.38860118  0.01617474]\n",
      " [ 0.09922277 -0.19461155 -0.975849  ]\n",
      " [-0.37606826  0.9006195  -0.2178467 ]]) -> cam 2 (R ~ [[-0.92450696 -0.37555596 -0.06515035]\n",
      " [-0.01895501  0.2160111  -0.9762069 ]\n",
      " [ 0.38069353 -0.90127516 -0.20682244]]) => rot2rot ~ [[-0.9987104   0.05068971 -0.00286262]\n",
      " [ 0.04493228  0.9087115   0.41499946]\n",
      " [ 0.02363752  0.41433564 -0.9098171 ]]\n",
      "error ~ 0.00000 %\n",
      "frame #6 cam 1 (R ~ [[ 0.92126405  0.38860118  0.01617474]\n",
      " [ 0.09922277 -0.19461155 -0.975849  ]\n",
      " [-0.37606826  0.9006195  -0.2178467 ]]) -> cam 3 (R ~ [[ 0.9228354  -0.37440017  0.09055029]\n",
      " [-0.01498208 -0.2697866  -0.9628036 ]\n",
      " [ 0.38490307  0.8871526  -0.2545779 ]]) => rot2rot ~ [[ 0.7061474  -0.13421494  0.6952282 ]\n",
      " [ 0.07606547  0.9905679   0.11397061]\n",
      " [-0.7039673  -0.02759717  0.709696  ]]\n",
      "error ~ 0.00001 %\n",
      "frame #6 cam 2 (R ~ [[-0.92450696 -0.37555596 -0.06515035]\n",
      " [-0.01895501  0.2160111  -0.9762069 ]\n",
      " [ 0.38069353 -0.90127516 -0.20682244]]) -> cam 3 (R ~ [[ 0.9228354  -0.37440017  0.09055029]\n",
      " [-0.01498208 -0.2697866  -0.9628036 ]\n",
      " [ 0.38490307  0.8871526  -0.2545779 ]]) => rot2rot ~ [[-0.71845895  0.177898   -0.6724352 ]\n",
      " [-0.18676277  0.8819026   0.4328597 ]\n",
      " [ 0.6700272   0.43657777 -0.6003861 ]]\n",
      "error ~ 0.00000 %\n",
      "frame #7 cam 0 (R ~ [[-0.9115695   0.41064942  0.02020282]\n",
      " [ 0.06090775  0.18347366 -0.9811359 ]\n",
      " [-0.4066096  -0.893143   -0.19226073]]) -> cam 1 (R ~ [[ 0.93101627  0.3647627   0.01252435]\n",
      " [ 0.08939715 -0.19463754 -0.97679293]\n",
      " [-0.3538599   0.91052973 -0.21381946]]) => rot2rot ~ [[-0.69864345 -0.18115348  0.6921567 ]\n",
      " [ 0.11134238  0.9281007   0.35529137]\n",
      " [-0.7067534   0.32528836 -0.6282414 ]]\n",
      "error ~ 0.00000 %\n",
      "frame #7 cam 0 (R ~ [[-0.9115695   0.41064942  0.02020282]\n",
      " [ 0.06090775  0.18347366 -0.9811359 ]\n",
      " [-0.4066096  -0.893143   -0.19226073]]) -> cam 2 (R ~ [[-0.92090756 -0.38473552 -0.06251254]\n",
      " [-0.02568138  0.21992028 -0.97517973]\n",
      " [ 0.38893405 -0.89644504 -0.21240678]]) => rot2rot ~ [[ 0.6802169   0.09401913 -0.7269563 ]\n",
      " [-0.06534594  0.9955692   0.06761496]\n",
      " [ 0.73009235  0.00151078  0.6833468 ]]\n",
      "error ~ 0.00000 %\n",
      "frame #7 cam 0 (R ~ [[-0.9115695   0.41064942  0.02020282]\n",
      " [ 0.06090775  0.18347366 -0.9811359 ]\n",
      " [-0.4066096  -0.893143   -0.19226073]]) -> cam 3 (R ~ [[ 0.9276671  -0.36360627  0.08499598]\n",
      " [-0.01666269 -0.26770413 -0.9633571 ]\n",
      " [ 0.37303644  0.89225835 -0.25439897]]) => rot2rot ~ [[-0.9932305  -0.11420588  0.02121718]\n",
      " [-0.09360267  0.8950527   0.4360267 ]\n",
      " [-0.06878728  0.431089   -0.8996836 ]]\n",
      "error ~ 0.00000 %\n",
      "frame #7 cam 1 (R ~ [[ 0.93101627  0.3647627   0.01252435]\n",
      " [ 0.08939715 -0.19463754 -0.97679293]\n",
      " [-0.3538599   0.91052973 -0.21381946]]) -> cam 2 (R ~ [[-0.92090756 -0.38473552 -0.06251254]\n",
      " [-0.02568138  0.21992028 -0.97517973]\n",
      " [ 0.38893405 -0.89644504 -0.21240678]]) => rot2rot ~ [[-0.9985      0.04409544  0.03245395]\n",
      " [ 0.05361925  0.90744805  0.41672885]\n",
      " [-0.01107449  0.41784397 -0.9084513 ]]\n",
      "error ~ 0.00000 %\n",
      "frame #7 cam 1 (R ~ [[ 0.93101627  0.3647627   0.01252435]\n",
      " [ 0.08939715 -0.19463754 -0.97679293]\n",
      " [-0.3538599   0.91052973 -0.21381946]]) -> cam 3 (R ~ [[ 0.9276671  -0.36360627  0.08499598]\n",
      " [-0.01666269 -0.26770413 -0.9633571 ]\n",
      " [ 0.37303644  0.89225835 -0.25439897]]) => rot2rot ~ [[ 0.7321077  -0.12522714  0.6695794 ]\n",
      " [ 0.07067875  0.991616    0.10817654]\n",
      " [-0.6775123  -0.03187182  0.73482054]]\n",
      "error ~ 0.00000 %\n",
      "frame #7 cam 2 (R ~ [[-0.92090756 -0.38473552 -0.06251254]\n",
      " [-0.02568138  0.21992028 -0.97517973]\n",
      " [ 0.38893405 -0.89644504 -0.21240678]]) -> cam 3 (R ~ [[ 0.9276671  -0.36360627  0.08499598]\n",
      " [-0.01666269 -0.26770413 -0.9633571 ]\n",
      " [ 0.37303644  0.89225835 -0.25439897]]) => rot2rot ~ [[-0.7197168   0.17856197 -0.67091244]\n",
      " [-0.18667452  0.8810007   0.43473032]\n",
      " [ 0.66870064  0.43812492 -0.60073787]]\n",
      "(8, 6, 3, 3)\n"
     ]
    },
    {
     "ename": "ZeroDivisionError",
     "evalue": "division by zero",
     "output_type": "error",
     "traceback": [
      "\u001b[0;31m---------------------------------------------------------------------------\u001b[0m",
      "\u001b[0;31mZeroDivisionError\u001b[0m                         Traceback (most recent call last)",
      "\u001b[0;32m<ipython-input-25-d226d999ff78>\u001b[0m in \u001b[0;36m<module>\u001b[0;34m\u001b[0m\n\u001b[1;32m      9\u001b[0m \u001b[0;34m\u001b[0m\u001b[0m\n\u001b[1;32m     10\u001b[0m     \u001b[0mminimon\u001b[0m\u001b[0;34m.\u001b[0m\u001b[0menter\u001b[0m\u001b[0;34m(\u001b[0m\u001b[0;34m)\u001b[0m\u001b[0;34m\u001b[0m\u001b[0;34m\u001b[0m\u001b[0m\n\u001b[0;32m---> 11\u001b[0;31m     \u001b[0mone_epoch\u001b[0m\u001b[0;34m(\u001b[0m\u001b[0mmodel\u001b[0m\u001b[0;34m,\u001b[0m \u001b[0mcriterion\u001b[0m\u001b[0;34m,\u001b[0m \u001b[0mopt\u001b[0m\u001b[0;34m,\u001b[0m \u001b[0mconfig\u001b[0m\u001b[0;34m,\u001b[0m \u001b[0mtrain_dataloader\u001b[0m\u001b[0;34m,\u001b[0m \u001b[0mdevice\u001b[0m\u001b[0;34m,\u001b[0m \u001b[0mepoch\u001b[0m\u001b[0;34m,\u001b[0m \u001b[0mminimon\u001b[0m\u001b[0;34m,\u001b[0m \u001b[0mis_train\u001b[0m\u001b[0;34m=\u001b[0m\u001b[0;32mTrue\u001b[0m\u001b[0;34m,\u001b[0m \u001b[0mmaster\u001b[0m\u001b[0;34m=\u001b[0m\u001b[0mmaster\u001b[0m\u001b[0;34m)\u001b[0m\u001b[0;34m\u001b[0m\u001b[0;34m\u001b[0m\u001b[0m\n\u001b[0m\u001b[1;32m     12\u001b[0m     \u001b[0mminimon\u001b[0m\u001b[0;34m.\u001b[0m\u001b[0mleave\u001b[0m\u001b[0;34m(\u001b[0m\u001b[0;34m'train epoch'\u001b[0m\u001b[0;34m)\u001b[0m\u001b[0;34m\u001b[0m\u001b[0;34m\u001b[0m\u001b[0m\n\u001b[1;32m     13\u001b[0m \u001b[0;34m\u001b[0m\u001b[0m\n",
